   6    7   42
  41    6   42
 155  191  190
 191  155  156
 243  209  244
 209  243  208
 209  173  174
 173  209  208
 207  173  208
 173  207  172
 410  445  409
 409  445  444
 424  425  459
 425  460  459
1203 1168 1169
1204 1203 1169
1216 1181 1182
1217 1216 1182
 114   80  115
  80  114   79
 149  114  115
 150  149  115
   1   35    0
  35    1   36
  58   22   23
  22   58   57
  24   58   23
  58   24   59
  16   51   50
  15   16   50
  53   18   54
  18   19   54
  16   52   51
  52   16   17
  52   18   53
  18   52   17
 261  295  260
 295  261  296
 189  224  223
 188  189  223
 225  261  260
 261  225  226
 191  225  190
 225  191  226
 189  225  224
 225  189  190
 159  193  158
 193  159  194
  95  130   94
 130  129   94
  62   26   27
  26   62   61
  96  130   95
 130   96  131
  62   96   61
  96   62   97
  96   60   61
  60   96   95
  24   60   59
  60   24   25
  60   95   94
  59   60   94
  60   26   61
  26   60   25
  96  132  131
 132   96   97
  62   98   97
  98   62   63
  98  132   97
 132   98  133
  69   33   34
  33   69   68
  33   67   32
  67   33   68
 103   67   68
  67  103  102
 103   69  104
  69  103   68
 517  552  551
 516  517  551
 372  373  407
 373  408  407
 594  558  559
 558  594  593
 222  188  223
 222  187  188
 222  258  257
 258  222  223
 222  221  186
 187  222  186
 256  222  257
 222  256  221
 395  361  396
 361  395  360
 325  361  360
 361  325  326
 359  325  360
 325  359  324
 395  359  360
 359  395  394
 393  359  394
 359  393  358
  12   47   11
  11   47   46
  52   86   51
  86   52   87
 289  325  324
 325  289  290
 253  289  288
 289  253  254
 806  840  805
 840  806  841
 806  807  842
 841  806  842
 462  426  427
 426  462  461
 425  426  460
 460  426  461
 495  460  461
 496  495  461
 565  531  566
 531  565  530
 495  531  530
 531  495  496
 600  566  601
 600  565  566
 666  631  632
 666  632  667
 630  666  665
 666  630  631
 632  668  667
 633  668  632
 807  808  842
 808  843  842
 773  808  772
 808  807  772
 533  567  532
 567  533  568
 531  567  566
 567  531  532
 980 1016 1015
1016  980  981
 843  878  842
 878  877  842
 980  946  981
 946  980  945
 910  946  945
 946  910  911
 878  912  877
 912  878  913
 912  946  911
 946  912  947
 876  912  911
 912  876  877
 876  840  841
 840  876  875
 877  876  842
 876  841  842
 910  876  911
 876  910  875
 750  785  749
 749  785  784
 855  891  890
 891  855  856
 389  425  424
 425  389  390
 175  140  141
 176  175  141
 175  211  210
 211  175  176
 611  610  576
 610  575  576
 577  611  576
 611  577  612
 331  297  332
 297  331  296
 874  873  839
 839  873  838
 803  837  802
 837  803  838
 803  804  839
 803  839  838
 944  979  978
 943  944  978
 868  904  903
 904  868  869
 628  594  629
 594  628  593
 664  628  629
 628  664  663
 664  699  698
 663  664  698
 699  734  698
 734  733  698
 837  801  802
 801  837  836
 763  729  764
 729  763  728
 899  864  865
 899  865  900
 933  899  934
 899  933  898
 933  897  898
 897  933  932
 893  927  892
 927  893  928
 650  614  615
 650  649  614
 443  409  444
 443  408  409
 585  550  586
 550  551  586
1160 1195 1194
1159 1160 1194
1163 1199 1198
1199 1163 1164
1197 1163 1198
1163 1197 1162
 948  912  913
 912  948  947
 982  946  947
 946  982  981
 982 1016  981
1016  982 1017
 948  982  947
 982  948  983
 982 1018 1017
1018  982  983
1127 1163 1162
1163 1127 1128
1127 1091 1092
1091 1127 1126
1055 1091 1090
1091 1055 1056
 889  855  890
 855  889  854
 924  923  888
 889  924  888
1055 1021 1056
1021 1055 1020
1057 1091 1056
1091 1057 1092
1021 1057 1056
1057 1021 1022
1021  987 1022
 987 1021  986
1023 1057 1022
1057 1023 1058
 987 1023 1022
1023  987  988
1093 1057 1058
1057 1093 1092
1093 1127 1092
1127 1093 1128
1129 1163 1128
1163 1129 1164
1093 1129 1128
1129 1093 1094
1025 1059 1024
1059 1025 1060
1023 1059 1058
1059 1023 1024
1093 1059 1094
1059 1093 1058
1172 1208 1207
1208 1172 1173
1174 1138 1139
1174 1173 1138
1208 1174 1209
1174 1208 1173
1183 1217 1182
1183 1218 1217
1183 1219 1218
1219 1183 1184
 933  967  932
 967  933  968
  45   10   11
  45   11   46
  10   45    9
  45   44    9
  45   80   79
  44   45   79
 187  152  188
 188  152  153
  45   81   80
  81   45   46
  47   81   46
  81   47   82
  80   81  115
  81  116  115
 149  184  148
 148  184  183
 110   75  111
  75   76  111
  56   22   57
  22   56   21
 225  259  224
 259  225  260
 295  259  260
 259  295  294
 259  258  223
 224  259  223
 154  118  119
 118  154  153
 154  155  190
 189  154  190
 154  189  188
 154  188  153
 228  192  193
 192  228  227
 191  192  226
 226  192  227
 193  192  158
 192  157  158
 192  191  156
 157  192  156
  58   93   57
  57   93   92
  93   58   59
  93   59   94
 128   93  129
 129   93   94
  52   88   87
  88   52   53
 229  193  194
 229  228  193
  28   62   27
  62   28   63
  64   98   63
  98   64   99
  64   65  100
  64  100   99
  64   29   30
  65   64   30
  28   64   63
  64   28   29
 166  130  131
 130  166  165
 166  200  165
 166  201  200
 134   98   99
  98  134  133
 100  134   99
 135  134  100
 134  135  170
 169  134  170
 133  134  168
 134  169  168
 205  169  170
 169  205  204
 202  237  236
 201  202  236
 551  587  586
 552  587  551
 623  587  588
 587  623  622
 373  374  408
 408  374  409
 339  374  338
 374  373  338
 242  206  207
 206  242  241
 243  242  208
 242  207  208
 205  240  204
 204  240  239
 240  206  241
 240  205  206
 411  445  410
 411  446  445
 270  306  305
 271  306  270
 289  255  290
 255  289  254
 361  362  396
 362  397  396
 323  359  358
 359  323  324
 289  323  288
 323  289  324
  48   12   13
  48   47   12
 121  157  156
 157  121  122
 121   86   87
 122  121   87
  51   85   50
  86   85   51
 284  318  283
 318  284  319
 320  356  355
 356  320  321
 284  320  319
 320  284  285
 771  770  735
 736  771  735
 770  771  805
 771  806  805
 806  771  807
 807  771  772
 491  490  455
 456  491  455
 531  497  532
 497  531  496
 497  533  532
 533  497  498
 497  496  461
 462  497  461
 700  701  735
 701  736  735
 701  700  665
 666  701  665
 598  633  632
 597  598  632
 596  630  595
 630  596  631
 560  596  595
 596  560  561
 631  596  632
 596  597  632
 596  561  562
 597  596  562
 669  668  633
 669  633  634
 635  669  634
 669  635  670
 987  953  988
 953  987  952
 814  778  779
 778  814  813
 778  744  779
 744  778  743
 713  677  678
 677  713  712
 850  816  851
 816  850  815
 744  780  779
 780  744  745
 780  814  779
 814  780  815
 746  780  745
 780  746  781
 780  816  815
 816  780  781
 878  914  913
 914  878  879
1021  985  986
 985 1021 1020
 880  915  879
 915  914  879
 602  638  637
 638  602  603
 603  602  568
 602  567  568
 566  602  601
 567  602  566
1087 1121 1086
1121 1087 1122
1121 1120 1085
1121 1085 1086
1050 1051 1085
1085 1051 1086
1051 1050 1015
1016 1051 1015
1087 1123 1122
1088 1123 1087
1089 1055 1090
1055 1089 1054
1089 1123 1088
1123 1089 1124
1089 1053 1054
1089 1088 1053
 786  785  750
 786  750  751
 789  753  754
 753  789  788
 786  820  785
 820  786  821
 820  821  856
 855  820  856
 889  853  854
 853  889  888
 783  749  784
 783  748  749
 211  245  210
 245  211  246
 281  245  246
 280  245  281
 320  354  319
 354  320  355
 354  318  319
 318  354  353
 389  354  390
 354  355  390
 354  388  353
 388  354  389
 281  247  282
 247  281  246
 421  386  387
 422  421  387
 421  420  385
 386  421  385
 420  421  455
 421  456  455
 397  432  396
 432  431  396
 430  395  396
 431  430  396
 646  610  611
 610  646  645
 435  471  470
 471  435  436
 437  471  436
 471  437  472
 435  400  436
 400  401  436
 330  295  296
 331  330  296
 262  261  226
 262  226  227
 228  262  227
 262  228  263
 261  262  296
 262  297  296
 262  298  297
 298  262  263
 334  298  299
 298  334  333
 332  298  333
 297  298  332
 942  908  943
 908  942  907
 908  944  943
 944  908  909
 908  874  909
 908  873  874
 908  872  873
 872  908  907
 873  872  838
 872  837  838
 837  872  836
 872  871  836
 872  906  871
 906  872  907
 942  906  907
 906  942  941
 906  870  871
 870  906  905
 870  904  869
 904  870  905
 871  870  836
 870  835  836
 800  801  836
 835  800  836
 729  694  730
 694  695  730
 756  757  792
 791  756  792
1223 1189 1224
1189 1223 1188
1187 1223 1222
1223 1187 1188
1183 1149 1184
1149 1183 1148
1219 1185 1220
1185 1219 1184
1185 1149 1150
1149 1185 1184
1012 1046 1011
1046 1012 1047
1119 1083 1084
1119 1118 1083
1153 1189 1188
1189 1153 1154
1187 1153 1188
1153 1187 1152
1119 1153 1118
1153 1119 1154
1117 1153 1152
1118 1153 1117
 977  943  978
 977  942  943
 935  899  900
 899  935  934
1033  999 1034
 999 1033  998
 857  891  856
 891  857  892
 437  473  472
 473  437  438
 439  473  438
 473  439  474
 475  439  440
 474  439  475
 515  516  551
 550  515  551
 620  584  585
 584  620  619
1095 1129 1094
1129 1095 1130
1059 1095 1094
1095 1059 1060
1061 1095 1060
1095 1061 1096
1165 1129 1130
1129 1165 1164
1165 1199 1164
1199 1165 1200
1165 1201 1200
1201 1165 1166
1131 1095 1096
1095 1131 1130
1165 1131 1166
1131 1165 1130
1131 1097 1132
1097 1131 1096
1167 1131 1132
1131 1167 1166
1167 1203 1202
1203 1167 1168
1167 1201 1166
1201 1167 1202
1091 1125 1090
1125 1091 1126
1089 1125 1124
1125 1089 1090
1125 1160 1159
1125 1159 1124
1127 1161 1126
1161 1127 1162
1125 1161 1160
1161 1125 1126
1197 1161 1162
1161 1197 1196
1195 1161 1196
1160 1161 1195
1019  985 1020
 985 1019  984
1019 1055 1054
1055 1019 1020
1019 1018  983
1019  983  984
1053 1019 1054
1018 1019 1053
1028  992  993
 992 1028 1027
 992  958  993
 958  992  957
1029 1065 1064
1065 1029 1030
1029 1064 1063
1028 1029 1063
1101 1065 1066
1065 1101 1100
1141 1175 1140
1175 1141 1176
1210 1175 1211
1211 1175 1176
1175 1174 1139
1140 1175 1139
1175 1210 1209
1174 1175 1209
1069 1035 1070
1035 1069 1034
1106 1141 1140
1106 1140 1105
1003  967  968
 967 1003 1002
1106 1142 1141
1142 1106 1107
1213 1178 1179
1214 1213 1179
1112 1078 1113
1112 1077 1078
  43    8    9
  44   43    9
   8   43    7
   7   43   42
  43   44   79
  78   43   79
  81  117  116
 117   81   82
 152  117  153
 117  118  153
 151  117  152
 117  151  116
 151  150  115
 116  151  115
 151  187  186
 151  152  187
 145  144  110
 110  144  109
 182  148  183
 182  147  148
 218  182  183
 217  182  218
 323  287  288
 287  323  322
 253  219  254
 219  253  218
 184  219  183
 219  218  183
 151  185  150
 185  151  186
 185  149  150
 185  184  149
   2    3   38
  37    2   38
   1    2   36
   2   37   36
  72   37   38
  73   72   38
  40    6   41
   6   40    5
  75   40   76
  76   40   41
 255  291  290
 291  255  256
 325  291  326
 291  325  290
 291  256  257
 292  291  257
 235  271  270
 271  235  236
 235  201  236
 201  235  200
 337  373  372
 373  337  338
 302  337  301
 337  336  301
 157  123  158
 123  157  122
  88  123   87
 123  122   87
 101   67  102
 101   66   67
  65  101  100
  66  101   65
 171  205  170
 205  171  206
 207  171  172
 206  171  207
  31   65   30
  31   66   65
  67   31   32
  66   31   67
 103  138  102
 138  137  102
 138  173  172
 137  138  172
 138  103  104
 139  138  104
 173  138  174
 138  139  174
 132  167  131
 167  166  131
 167  132  133
 167  133  168
 166  167  201
 167  202  201
 167  203  202
 203  167  168
 169  203  168
 203  169  204
 203  204  239
 238  203  239
 202  203  237
 237  203  238
 298  264  299
 264  298  263
 229  264  228
 228  264  263
 265  264  230
 264  229  230
 482  517  516
 482  516  481
 624  623  588
 589  624  588
 625  624  590
 624  589  590
 348  349  383
 349  384  383
 313  349  348
 349  313  314
 274  238  239
 274  273  238
 489  453  454
 453  489  488
 487  453  488
 453  487  452
 323  357  322
 357  323  358
 393  357  358
 357  393  392
 357  356  321
 322  357  321
 357  391  356
 391  357  392
 391  426  425
 391  425  390
 426  391  427
 391  392  427
 355  391  390
 356  391  355
  83  117   82
 117   83  118
  47   83   82
  48   83   47
 155  120  156
 120  121  156
 120  154  119
 154  120  155
 121  120   86
 120   85   86
 318  317  283
 283  317  282
 561  526  562
 526  527  562
 526  560  525
 560  526  561
 527  526  492
 526  491  492
 490  526  525
 491  526  490
 460  494  459
 495  494  460
 421  457  456
 457  421  422
 457  491  456
 491  457  492
 393  428  392
 392  428  427
 563  598  597
 563  597  562
 600  599  565
 565  599  564
 599  635  634
 635  599  600
 563  599  598
 599  563  564
 598  599  633
 633  599  634
 602  636  601
 636  602  637
 670  636  671
 635  636  670
 636  600  601
 636  635  600
 849  848  813
 814  849  813
 850  849  815
 849  814  815
 886  850  851
 850  886  885
1023  989 1024
 989 1023  988
 744  710  745
 710  744  709
 783  747  748
 747  783  782
 713  747  712
 747  713  748
 746  747  781
 781  747  782
 949  985  984
 985  949  950
 948  949  983
 983  949  984
 949  948  913
 914  949  913
 949  915  950
 915  949  914
 918  953  952
 917  918  952
 918  882  883
 918  917  882
 916  881  882
 917  916  882
 916  915  880
 881  916  880
 708  744  743
 744  708  709
1088 1052 1053
1052 1088 1087
1018 1052 1017
1052 1018 1053
1052 1087 1086
1051 1052 1086
1052 1016 1017
1052 1051 1016
 752  786  751
 786  752  787
 752  753  788
 787  752  788
 819  783  784
 783  819  818
 853  819  854
 819  853  818
 819  855  854
 819  820  855
 785  819  784
 820  819  785
 423  457  422
 457  423  458
 423  424  459
 458  423  459
 423  422  387
 388  423  387
 423  389  424
 423  388  389
 247  248  282
 248  283  282
 647  611  612
 647  646  611
 649  613  614
 648  613  649
 613  647  612
 647  613  648
 577  613  612
 578  613  577
 367  331  332
 331  367  366
 473  507  472
 507  473  508
 439  405  440
 405  439  404
 441  405  406
 405  441  440
 362  398  397
 398  362  363
 400  365  401
 401  365  366
 365  331  366
 365  330  331
 733  732  698
 732  697  698
 804  768  769
 803  768  804
 768  734  769
 734  768  733
 768  803  802
 767  768  802
 768  732  733
 732  768  767
1010 1046 1045
1046 1010 1011
 662  663  698
 697  662  698
 662  697  696
 661  662  696
 660  624  625
 624  660  659
 694  660  695
 660  694  659
 660  661  696
 695  660  696
 729  765  764
 765  729  730
 765  799  764
 799  765  800
 763  727  728
 762  727  763
1221 1186 1222
1186 1187 1222
1187 1186 1152
1186 1151 1152
1186 1221 1220
1185 1186 1220
1186 1150 1151
1186 1185 1150
1082 1048 1083
1048 1082 1047
1118 1082 1083
1082 1118 1117
1083 1049 1084
1048 1049 1083
1012 1013 1047
1013 1048 1047
1013  977  978
 977 1013 1012
1013 1049 1048
1049 1013 1014
 979 1013  978
1014 1013  979
1010  976 1011
 976 1010  975
 976 1012 1011
 976  977 1012
 942  976  941
 977  976  942
1007  971  972
 971 1007 1006
 827  791  792
 791  827  826
 827  861  826
 861  827  862
 861  897  896
 861  862  897
 827  863  862
 863  827  828
 899  863  864
 863  899  898
 864  863  829
 863  828  829
 897  863  898
 862  863  897
 893  929  928
 929  893  894
 895  861  896
 861  895  860
 859  895  894
 895  859  860
 895  929  894
 929  895  930
 966  967 1002
 966 1002 1001
 786  822  821
 822  786  787
 821  822  856
 822  857  856
 925  889  890
 925  924  889
 723  758  757
 723  757  722
 613  579  614
 579  613  578
 614  579  615
 579  580  615
 509  473  474
 473  509  508
 509  474  475
 510  509  475
 479  443  444
 443  479  478
 549  550  585
 584  549  585
 546  580  545
 580  546  581
 546  510  511
 510  546  545
 512  546  511
 546  512  547
 583  584  619
 583  619  618
 583  549  584
 549  583  548
1099 1065 1100
1065 1099 1064
1062 1028 1063
1028 1062 1027
1062 1097 1096
1061 1062 1096
 924  959  923
 959  958  923
 992  991  957
 957  991  956
1171 1172 1207
1206 1171 1207
1173 1137 1138
1172 1137 1173
1000  966 1001
 966 1000  965
 999 1000 1034
1000 1035 1034
1000 1001 1036
1035 1000 1036
1104 1140 1139
1140 1104 1105
1104 1069 1070
1104 1070 1105
1068 1032 1033
1032 1068 1067
1068 1033 1034
1069 1068 1034
1114 1149 1148
1114 1148 1113
1035 1071 1070
1071 1035 1036
1106 1071 1107
1071 1072 1107
1071 1106 1105
1070 1071 1105
1072 1073 1107
1073 1108 1107
1112 1076 1077
1076 1112 1111
1110 1076 1111
1076 1110 1075
1076 1040 1041
1040 1076 1075
1213 1177 1178
1177 1213 1212
1177 1212 1211
1177 1211 1176
1141 1177 1176
1142 1177 1141
1180 1216 1215
1216 1180 1181
1214 1180 1215
1180 1214 1179
1143 1177 1142
1177 1143 1178
1143 1142 1107
1108 1143 1107
1143 1108 1109
1144 1143 1109
1178 1143 1179
1143 1144 1179
1181 1147 1182
1146 1147 1181
1147 1183 1182
1183 1147 1148
1112 1147 1111
1147 1146 1111
1148 1147 1113
1147 1112 1113
  77   43   78
  43   77   42
  77   41   42
  77   76   41
  76   77  111
  77  112  111
  77  113  112
 113   77   78
 149  113  114
 113  149  148
 114  113   79
 113   78   79
 147  113  148
 112  113  147
 144  143  109
 143  108  109
 112  146  111
 146  112  147
 146  110  111
 146  145  110
 220  255  254
 219  220  254
 256  220  221
 255  220  256
 220  219  184
 185  220  184
 221  220  186
 220  185  186
  71   35   36
  35   71   70
  37   71   36
  72   71   37
 108   74  109
  73   74  108
  74   75  110
  74  110  109
  55   20   21
  56   55   21
  19   55   54
  20   55   19
  91   55   56
  55   91   90
  91   56   57
  91   57   92
  91  126  125
  90   91  125
 258  293  257
 293  292  257
 293  259  294
 259  293  258
 365  329  330
 329  365  364
 329  293  294
 293  329  328
 295  329  294
 330  329  295
 329  364  363
 328  329  363
 327  291  292
 291  327  326
 327  293  328
 293  327  292
 327  361  326
 327  362  361
 327  328  363
 362  327  363
 164  130  165
 130  164  129
 229  195  230
 195  229  194
  91  127  126
 127   91   92
  93  127   92
 127   93  128
 124  159  158
 123  124  158
 136  101  102
 137  136  102
 136  135  100
 101  136  100
 136  137  172
 171  136  172
 135  136  170
 136  171  170
 300  264  265
 264  300  299
 300  266  301
 266  300  265
 300  334  299
 300  335  334
 336  300  301
 335  300  336
 310  275  311
 275  276  311
 275  240  241
 276  275  241
 275  310  309
 274  275  309
 240  275  239
 275  274  239
 523  557  522
 557  523  558
 523  487  488
 487  523  522
 419  418  384
 384  418  383
 418  419  454
 453  418  454
 418  453  452
 417  418  452
 375  410  409
 374  375  409
 375  411  410
 375  376  411
 377  343  378
 343  377  342
 376  377  411
 411  377  412
 272  237  238
 273  272  238
 237  272  236
 272  271  236
 272  306  271
 272  307  306
  84  120  119
 120   84   85
 118   84  119
  83   84  118
 316  280  281
 280  316  315
 316  281  282
 317  316  282
 388  352  353
 352  388  387
 352  318  353
 352  317  318
 527  528  562
 528  563  562
 497  463  498
 463  497  462
 463  462  427
 428  463  427
 429  463  428
 463  429  464
 395  429  394
 430  429  395
 464  429  465
 429  430  465
 429  393  394
 429  428  393
 702  666  667
 702  701  666
 878  844  879
 844  878  843
 705  669  670
 669  705  704
 884  918  883
 918  884  919
 920  884  885
 884  920  919
 884  850  885
 884  849  850
 849  884  848
 848  884  883
 922  958  957
 958  922  923
 747  711  712
 711  747  746
 711  746  745
 710  711  745
 742  708  743
 708  742  707
 742  777  776
 741  742  776
 778  742  743
 777  742  778
 646  680  645
 680  646  681
 645  680  644
 680  679  644
 748  714  749
 713  714  748
 714  713  678
 679  714  678
 985  951  986
 951  985  950
 951  987  986
 987  951  952
 915  951  950
 916  951  915
 951  917  952
 951  916  917
 463  499  498
 499  463  464
 499  533  498
 499  534  533
 574  539  575
 575  539  540
 609  610  645
 609  645  644
 610  609  575
 609  574  575
 672  636  637
 636  672  671
 674  640  675
 640  674  639
 674  710  709
 710  674  675
1120 1156 1155
1121 1156 1120
1155 1156 1190
1156 1191 1190
1156 1121 1122
1157 1156 1122
1191 1156 1192
1156 1157 1192
1158 1123 1124
1159 1158 1124
1193 1158 1194
1158 1159 1194
1123 1158 1122
1158 1157 1122
1158 1193 1192
1157 1158 1192
 825  861  860
 861  825  826
 825  859  824
 859  825  860
 789  825  824
 790  825  789
 825  791  826
 825  790  791
 817  816  781
 817  781  782
 783  817  782
 817  783  818
 816  817  851
 817  852  851
 853  817  818
 852  817  853
 717  752  751
 716  717  751
 334  368  333
 368  334  369
 368  332  333
 368  367  332
 575  541  576
 541  575  540
 371  337  372
 337  371  336
 371  372  407
 406  371  407
 408  442  407
 443  442  408
 442  441  406
 442  406  407
 476  510  475
 510  476  511
 476  475  440
 441  476  440
 433  432  397
 398  433  397
 695  731  730
 731  695  696
 732  731  697
 697  731  696
 904  938  903
 939  938  904
 973 1007  972
1007  973 1008
 976  940  941
 940  976  975
 940  906  941
 906  940  905
 940  904  905
 940  939  904
1043 1009 1044
1009 1043 1008
1009 1010 1045
1044 1009 1045
 592  558  593
 592  557  558
 870  834  835
 834  870  869
 834  800  835
 834  799  800
 830  864  829
 864  830  865
 621  657  656
 657  621  622
 621  587  622
 587  621  586
 621  585  586
 621  620  585
 755  756  791
 790  755  791
 755  789  754
 755  790  789
 719  755  754
 755  719  720
 721  755  720
 755  721  756
 687  721  686
 721  687  722
 756  721  757
 757  721  722
 686  721  685
 721  720  685
 964 1000  999
1000  964  965
 964  999  998
 963  964  998
 929  964  928
 964  963  928
 964  929  930
 964  930  965
 931  895  896
 895  931  930
 931  897  932
 897  931  896
 930  931  965
 931  966  965
 967  931  932
 966  931  967
 789  823  788
 823  789  824
 823  787  788
 823  822  787
1065 1031 1066
1031 1065 1030
1031 1032 1067
1066 1031 1067
 688  723  722
 687  688  722
 690  726  725
 726  690  691
 724  690  725
 690  724  689
 688  724  723
 724  688  689
 580  616  615
 616  580  581
 579  544  580
 580  544  545
 544  579  578
 544  578  543
 544  509  510
 544  510  545
 509  544  508
 544  543  508
 515  480  516
 516  480  481
 446  480  445
 480  446  481
 445  480  444
 480  479  444
 514  480  515
 480  514  479
 514  515  550
 549  514  550
 582  616  581
 616  582  617
 546  582  581
 582  546  547
 582  583  618
 617  582  618
 583  582  548
 582  547  548
1134 1099 1100
1135 1134 1100
1098 1062 1063
1062 1098 1097
1064 1098 1063
1099 1098 1064
1029  994 1030
 994  995 1030
 994 1028  993
 994 1029 1028
 958  994  993
 959  994  958
1025 1026 1060
1026 1061 1060
1062 1026 1027
1026 1062 1061
1026  992 1027
1026  991  992
1170 1134 1135
1134 1170 1169
1170 1205 1204
1170 1204 1169
1170 1206 1205
1170 1171 1206
1170 1136 1171
1136 1170 1135
1101 1136 1100
1136 1135 1100
1171 1136 1172
1136 1137 1172
1138 1103 1139
1103 1104 1139
1104 1103 1069
1103 1068 1069
1042 1076 1041
1076 1042 1077
1007 1042 1006
1006 1042 1041
1043 1042 1008
1042 1007 1008
1077 1042 1078
1042 1043 1078
1079 1043 1044
1043 1079 1078
1078 1079 1113
1079 1114 1113
1074 1040 1075
1040 1074 1039
1110 1074 1075
1074 1110 1109
1108 1074 1109
1073 1074 1108
1004 1038 1003
1038 1004 1039
1074 1038 1039
1038 1074 1073
 935  969  934
 969  935  970
 969  933  934
 933  969  968
 969 1003  968
 969 1004 1003
 969 1005 1004
1005  969  970
1005  971 1006
 971 1005  970
1005 1006 1041
1040 1005 1041
1004 1005 1039
1005 1040 1039
1110 1145 1109
1145 1144 1109
1145 1110 1111
1146 1145 1111
1144 1145 1179
1145 1180 1179
1145 1146 1181
1180 1145 1181
 252  217  218
 253  252  218
 252  253  288
 287  252  288
 286  252  287
 252  286  251
 286  320  285
 320  286  321
 286  287  322
 286  322  321
 251  286  250
 286  285  250
 105  106  140
 140  106  141
 106  105   70
  71  106   70
  39    4    5
  40   39    5
   4   39    3
   3   39   38
  39   40   75
  74   39   75
  39   73   38
  39   74   73
 235  199  200
 199  235  234
 200  199  165
 199  164  165
 124  160  159
 160  124  125
 159  160  194
 160  195  194
 337  303  338
 303  337  302
 303  339  338
 303  304  339
 303  269  304
 269  303  268
 269  235  270
 235  269  234
 234  269  233
 269  268  233
 269  270  305
 304  269  305
 231  265  230
 231  266  265
  55   89   54
  89   55   90
  89   53   54
  89   88   53
  89   90  125
 124   89  125
  89  123   88
  89  124  123
 417  451  416
 451  417  452
 553  587  552
 587  553  588
 553  589  588
 553  554  589
 411  447  446
 447  411  412
 447  482  481
 446  447  481
 272  308  307
 308  272  273
 274  308  273
 308  274  309
 308  343  342
 307  308  342
 242  277  241
 277  276  241
 276  277  311
 277  312  311
 558  524  559
 523  524  558
 489  524  488
 524  523  488
 589  555  590
 554  555  589
 307  341  306
 341  307  342
 377  341  342
 341  377  376
  14   49   13
  49   48   13
  49   14   15
  49   15   50
  49   83   48
  49   84   83
  85   49   50
  84   49   85
 351  350  315
 316  351  315
 351  386  385
 350  351  385
 351  316  317
 352  351  317
 386  351  387
 351  352  387
 494  493  459
 493  458  459
 457  493  492
 493  457  458
 493  527  492
 493  528  527
 493  529  528
 529  493  494
 565  529  530
 529  565  564
 529  495  530
 529  494  495
 563  529  564
 528  529  563
 669  703  668
 703  669  704
 668  703  667
 703  702  667
 703  737  702
 737  703  738
 771  737  772
 737  771  736
 737  773  772
 737  738  773
 701  737  736
 702  737  701
 812  778  813
 812  777  778
 845  880  879
 844  845  879
 845  881  880
 845  846  881
 739  703  704
 703  739  738
 738  739  773
 739  774  773
 809  845  844
 845  809  810
 808  809  843
 809  844  843
 809  808  773
 774  809  773
 706  742  741
 742  706  707
 672  706  671
 706  672  707
 706  670  671
 706  705  670
 886  921  885
 921  920  885
 955  921  956
 921  955  920
 921  957  956
 921  922  957
 921  887  922
 887  921  886
 887  853  888
 887  852  853
 887  886  851
 852  887  851
 923  887  888
 922  887  923
1026  990  991
 990 1026 1025
 990 1025 1024
 989  990 1024
 991  990  956
 990  955  956
 990  954  955
 954  990  989
 918  954  953
 954  918  919
 953  954  988
 954  989  988
 920  954  919
 955  954  920
 640  676  675
 676  640  641
 642  676  641
 676  642  677
 676  710  675
 676  711  710
 676  677  712
 711  676  712
 715  680  681
 716  715  681
 750  715  751
 715  716  751
 680  715  679
 715  714  679
 715  750  749
 714  715  749
 500  464  465
 500  499  464
 499  500  534
 500  535  534
 604  638  603
 638  604  639
 605  640  639
 604  605  639
 504  503  468
 469  504  468
 505  504  470
 504  469  470
 503  504  538
 504  539  538
 539  504  540
 504  505  540
 679  643  644
 643  679  678
 677  643  678
 642  643  677
 673  708  707
 672  673  707
 638  673  637
 673  672  637
 708  673  709
 673  674  709
 673  638  639
 674  673  639
 249  284  283
 248  249  283
 284  249  285
 285  249  250
 682  647  648
 683  682  648
 647  682  646
 646  682  681
 682  716  681
 682  717  716
 401  402  436
 402  437  436
 367  402  366
 402  401  366
 506  471  472
 507  506  472
 471  506  470
 506  505  470
 505  506  540
 506  541  540
 506  542  541
 542  506  507
 542  578  577
 578  542  543
 542  507  508
 543  542  508
 542  577  576
 541  542  576
 370  405  404
 370  404  369
 335  370  334
 334  370  369
 405  370  406
 370  371  406
 370  335  336
 371  370  336
 477  443  478
 477  442  443
 442  477  441
 477  476  441
 477  512  511
 476  477  511
 399  365  400
 365  399  364
 399  398  363
 364  399  363
 800  766  801
 765  766  800
 801  766  802
 766  767  802
 766  765  730
 731  766  730
 766  732  767
 766  731  732
 936  971  970
 935  936  970
 974  938  939
 974  973  938
 974  940  975
 940  974  939
 973  974 1008
 974 1009 1008
1010  974  975
1009  974 1010
 660  626  661
 626  660  625
 798  763  764
 799  798  764
 798  762  763
 798  797  762
 693  729  728
 693  694  729
 757  793  792
 758  793  757
 793  827  792
 827  793  828
 828  793  829
 793  794  829
 684  648  649
 684  683  648
 650  684  649
 684  650  685
 720  684  685
 719  684  720
 682  718  717
 718  682  683
 718  684  719
 684  718  683
 752  718  753
 717  718  752
 753  718  754
 718  719  754
 893  858  894
 858  859  894
 858  893  892
 857  858  892
 859  858  824
 858  823  824
 822  858  857
 823  858  822
 962  927  928
 963  962  928
 891  926  890
 926  925  890
 927  926  892
 926  891  892
 962  926  927
 926  962  961
 960  994  959
 994  960  995
 960  926  961
 926  960  925
 925  960  924
 960  959  924
 620  655  619
 655  654  619
 655  621  656
 621  655  620
 655  690  689
 654  655  689
 690  655  691
 655  656  691
 619  653  618
 654  653  619
 653  617  618
 617  653  652
 653  654  689
 688  653  689
 653  688  687
 652  653  687
 793  759  794
 759  793  758
 723  759  758
 724  759  723
 759  724  725
 759  725  760
 651  687  686
 651  652  687
 651  686  685
 650  651  685
 651  617  652
 651  616  617
 651  650  615
 616  651  615
 477  513  512
 513  477  478
 512  513  547
 547  513  548
 513  549  548
 513  514  549
 479  513  478
 514  513  479
1168 1133 1169
1133 1134 1169
1167 1133 1168
1133 1167 1132
1134 1133 1099
1133 1098 1099
1097 1133 1132
1098 1133 1097
1102 1136 1101
1136 1102 1137
1102 1101 1066
1102 1066 1067
1137 1102 1138
1102 1103 1138
1068 1102 1067
1103 1102 1068
1151 1116 1152
1116 1117 1152
1037 1071 1036
1071 1037 1072
1002 1037 1001
1001 1037 1036
1037 1073 1072
1037 1038 1073
1003 1037 1002
1038 1037 1003
 107   72   73
 107   73  108
 143  107  108
 107  143  142
 107   71   72
 107  106   71
 106  107  141
 107  142  141
 163  127  128
 127  163  162
 163  128  129
 164  163  129
 127  161  126
 161  127  162
 126  161  125
 161  160  125
 267  303  302
 303  267  268
 267  302  301
 266  267  301
 451  415  416
 415  451  450
 415  450  449
 414  415  449
 413  447  412
 447  413  448
 413  377  378
 377  413  412
 448  413  449
 413  414  449
 379  413  378
 413  379  414
 486  487  522
 521  486  522
 487  486  452
 486  451  452
 451  486  450
 450  486  485
 517  518  552
 518  553  552
 308  344  343
 344  308  309
 310  344  309
 345  344  310
 343  344  378
 344  379  378
 382  418  417
 418  382  383
 382  417  416
 381  382  416
 278  279  314
 313  278  314
 278  243  244
 279  278  244
 277  278  312
 312  278  313
 278  242  243
 278  277  242
 520  486  521
 486  520  485
 557  556  522
 556  521  522
 556  520  521
 520  556  555
 340  374  339
 340  375  374
 304  340  339
 340  304  305
 375  340  376
 340  341  376
 306  340  305
 341  340  306
 881  847  882
 846  847  881
 882  847  883
 847  848  883
 848  847  813
 847  812  813
 811  845  810
 845  811  846
 847  811  812
 811  847  846
 777  811  776
 812  811  777
 775  811  810
 811  775  776
 809  775  810
 775  809  774
 430  466  465
 466  430  431
 535  569  534
 570  569  535
 533  569  568
 534  569  533
 569  605  604
 605  569  570
 569  603  568
 569  604  603
 571  570  535
 571  535  536
 180  144  145
 180  179  144
 178  143  144
 179  178  144
 403  368  369
 404  403  369
 403  439  438
 439  403  404
 368  403  367
 403  402  367
 437  403  438
 402  403  437
 434  469  468
 433  434  468
 434  435  470
 469  434  470
 434  433  398
 399  434  398
 434  400  435
 434  399  400
 865  901  900
 866  901  865
 901  935  900
 901  936  935
 628  627  593
 627  592  593
 627  628  663
 662  627  663
 627  662  661
 626  627  661
 868  833  869
 833  834  869
 833  867  832
 867  833  868
 834  833  799
 833  798  799
 798  833  797
 797  833  832
 830  831  865
 831  866  865
 867  831  832
 831  867  866
 831  797  832
 831  796  797
 795  759  760
 759  795  794
 831  795  796
 795  831  830
 795  830  829
 794  795  829
 795  761  796
 761  795  760
 761  727  762
 761  726  727
 726  761  725
 725  761  760
 797  761  762
 796  761  797
 657  692  656
 656  692  691
 692  726  691
 726  692  727
 727  692  728
 692  693  728
 692  658  693
 658  692  657
 658  624  659
 624  658  623
 623  658  622
 658  657  622
 694  658  659
 693  658  694
 996 1031 1030
 995  996 1030
 960  996  995
 996  960  961
1080 1044 1045
1080 1079 1044
 198  199  234
 198  234  233
 199  198  164
 198  163  164
 163  198  162
 162  198  197
 195  196  230
 196  231  230
 160  196  195
 161  196  160
 196  162  197
 196  161  162
 232  196  197
 196  232  231
 198  232  197
 232  198  233
 231  232  266
 232  267  266
 268  232  233
 267  232  268
 344  380  379
 380  344  345
 415  380  416
 380  381  416
 380  415  414
 379  380  414
 483  447  448
 447  483  482
 482  483  517
 483  518  517
 346  310  311
 346  345  310
 346  380  345
 380  346  381
 591  627  626
 627  591  592
 591  625  590
 591  626  625
 592  591  557
 591  556  557
 555  591  590
 556  591  555
 705  740  704
 740  739  704
 740  706  741
 706  740  705
 739  740  774
 740  775  774
 740  741  776
 775  740  776
 500  501  535
 535  501  536
 501  500  465
 466  501  465
 433  467  432
 467  433  468
 432  467  431
 467  466  431
 640  606  641
 605  606  640
 606  605  570
 571  606  570
 216  252  251
 252  216  217
 177  176  141
 142  177  141
 143  177  142
 178  177  143
 902  868  903
 902  867  868
 902  901  866
 867  902  866
 997  963  998
 997  962  963
1033  997  998
1032  997 1033
 962  997  961
 997  996  961
1031  997 1032
 996  997 1031
1081 1082 1117
1116 1081 1117
1081 1046 1047
1082 1081 1047
1046 1081 1045
1081 1080 1045
1081 1115 1080
1115 1081 1116
1149 1115 1150
1114 1115 1149
1150 1115 1151
1115 1116 1151
1079 1115 1114
1080 1115 1079
 553  519  554
 518  519  553
 519  555  554
 519  520  555
 347  348  383
 382  347  383
 347  313  348
 347  312  313
 347  382  381
 346  347  381
 312  347  311
 347  346  311
 501  502  536
 502  537  536
 537  502  538
 502  503  538
 502  501  466
 467  502  466
 503  502  468
 502  467  468
 608  609  644
 643  608  644
 146  181  145
 181  180  145
 182  181  147
 181  146  147
 181  182  217
 216  181  217
 215  181  216
 181  215  180
 249  215  250
 215  249  214
 180  215  179
 179  215  214
 215  251  250
 215  216  251
 211  212  246
 212  247  246
 212  211  176
 177  212  176
 971  937  972
 936  937  971
 937  973  972
 973  937  938
 901  937  936
 902  937  901
 938  937  903
 937  902  903
 484  448  449
 484  483  448
 484  450  485
 450  484  449
 483  484  518
 484  519  518
 520  484  485
 519  484  520
 539  573  538
 573  539  574
 609  573  574
 608  573  609
 213  178  179
 213  179  214
 213  249  248
 249  213  214
 213  177  178
 213  212  177
 213  248  247
 212  213  247
 607  642  641
 606  607  641
 607  643  642
 607  608  643
 572  537  538
 573  572  538
 572  571  536
 537  572  536
 572  573  608
 607  572  608
 572  606  571
 572  607  606