          -5           -5    0.0916396
    -4.70588           -5  -0.00263682
    -4.41176           -5    -0.147986
    -4.11765           -5    -0.339548
    -3.82353           -5    -0.561182
    -3.52941           -5    -0.785372
    -3.23529           -5     -0.97585
    -2.94118           -5     -1.09288
    -2.64706           -5     -1.10043
    -2.35294           -5    -0.973851
    -2.05882           -5    -0.706295
    -1.76471           -5     -0.31232
    -1.47059           -5     0.172295
    -1.17647           -5     0.694739
   -0.882353           -5      1.19261
   -0.588235           -5      1.60329
   -0.294118           -5      1.87357
           0           -5      1.96783
    0.294118           -5      1.87357
    0.588235           -5      1.60329
    0.882353           -5      1.19261
     1.17647           -5     0.694739
     1.47059           -5     0.172295
     1.76471           -5     -0.31232
     2.05882           -5    -0.706295
     2.35294           -5    -0.973851
     2.64706           -5     -1.10043
     2.94118           -5     -1.09288
     3.23529           -5     -0.97585
     3.52941           -5    -0.785372
     3.82353           -5    -0.561182
     4.11765           -5    -0.339548
     4.41176           -5    -0.147986
     4.70588           -5  -0.00263682
           5           -5    0.0916396
          -5     -4.70588     0.119877
    -4.70588     -4.70588  -0.00343666
    -4.41176     -4.70588    -0.192125
    -4.11765     -4.70588    -0.439017
    -3.82353     -4.70588    -0.722454
    -3.52941     -4.70588     -1.00654
    -3.23529     -4.70588     -1.24487
    -2.94118     -4.70588     -1.38757
    -2.64706     -4.70588     -1.39051
    -2.35294     -4.70588     -1.22476
    -2.05882     -4.70588    -0.884204
    -1.76471     -4.70588    -0.389299
    -1.47059     -4.70588     0.213911
    -1.17647     -4.70588     0.859555
   -0.882353     -4.70588      1.47133
   -0.588235     -4.70588      1.97379
   -0.294118     -4.70588       2.3035
           0     -4.70588      2.41832
    0.294118     -4.70588       2.3035
    0.588235     -4.70588      1.97379
    0.882353     -4.70588      1.47133
     1.17647     -4.70588     0.859555
     1.47059     -4.70588     0.213911
     1.76471     -4.70588    -0.389299
     2.05882     -4.70588    -0.884204
     2.35294     -4.70588     -1.22476
     2.64706     -4.70588     -1.39051
     2.94118     -4.70588     -1.38757
     3.23529     -4.70588     -1.24487
     3.52941     -4.70588     -1.00654
     3.82353     -4.70588    -0.722454
     4.11765     -4.70588    -0.439017
     4.41176     -4.70588    -0.192125
     4.70588     -4.70588  -0.00343666
           5     -4.70588     0.119877
          -5     -4.41176     0.141204
    -4.70588     -4.41176  -0.00403234
    -4.41176     -4.41176     -0.22449
    -4.11765     -4.41176    -0.510705
    -3.82353     -4.41176    -0.836493
    -3.52941     -4.41176     -1.15969
    -3.23529     -4.41176     -1.42693
    -2.94118     -4.41176      -1.5821
    -2.64706     -4.41176     -1.57692
    -2.35294     -4.41176     -1.38148
    -2.05882     -4.41176    -0.992082
    -1.76471     -4.41176    -0.434596
    -1.47059     -4.41176     0.237691
    -1.17647     -4.41176     0.951188
   -0.882353     -4.41176      1.62265
   -0.588235     -4.41176      2.17124
   -0.294118     -4.41176      2.52993
           0     -4.41176      2.65461
    0.294118     -4.41176      2.52993
    0.588235     -4.41176      2.17124
    0.882353     -4.41176      1.62265
     1.17647     -4.41176     0.951188
     1.47059     -4.41176     0.237691
     1.76471     -4.41176    -0.434596
     2.05882     -4.41176    -0.992082
     2.35294     -4.41176     -1.38148
     2.64706     -4.41176     -1.57692
     2.94118     -4.41176      -1.5821
     3.23529     -4.41176     -1.42693
     3.52941     -4.41176     -1.15969
     3.82353     -4.41176    -0.836493
     4.11765     -4.41176    -0.510705
     4.41176     -4.41176     -0.22449
     4.70588     -4.41176  -0.00403234
           5     -4.41176     0.141204
          -5     -4.11765     0.148486
    -4.70588     -4.11765   -0.0042229
    -4.41176     -4.11765     -0.23406
    -4.11765     -4.11765     -0.52995
    -3.82353     -4.11765    -0.863615
    -3.52941     -4.11765     -1.19085
    -3.23529     -4.11765     -1.45696
    -2.94118     -4.11765     -1.60584
    -2.64706     -4.11765     -1.59085
    -2.35294     -4.11765      -1.3851
    -2.05882     -4.11765    -0.988608
    -1.76471     -4.11765    -0.430521
    -1.47059     -4.11765     0.234167
    -1.17647     -4.11765     0.932495
   -0.882353     -4.11765      1.58425
   -0.588235     -4.11765      2.11331
   -0.294118     -4.11765      2.45769
           0     -4.11765      2.57712
    0.294118     -4.11765      2.45769
    0.588235     -4.11765      2.11331
    0.882353     -4.11765      1.58425
     1.17647     -4.11765     0.932495
     1.47059     -4.11765     0.234167
     1.76471     -4.11765    -0.430521
     2.05882     -4.11765    -0.988608
     2.35294     -4.11765      -1.3851
     2.64706     -4.11765     -1.59085
     2.94118     -4.11765     -1.60584
     3.23529     -4.11765     -1.45696
     3.52941     -4.11765     -1.19085
     3.82353     -4.11765    -0.863615
     4.11765     -4.11765     -0.52995
     4.41176     -4.11765     -0.23406
     4.70588     -4.11765   -0.0042229
           5     -4.11765     0.148486
          -5     -3.82353     0.134774
    -4.70588     -3.82353  -0.00381644
    -4.41176     -3.82353    -0.210542
    -4.11765     -3.82353    -0.474285
    -3.82353     -3.82353    -0.768672
    -3.52941     -3.82353      -1.0537
    -3.23529     -3.82353      -1.2811
    -2.94118     -3.82353     -1.40269
    -2.64706     -3.82353     -1.38002
    -2.35294     -3.82353     -1.19305
    -2.05882     -3.82353    -0.845497
    -1.76471     -3.82353    -0.365643
    -1.47059     -3.82353     0.197575
    -1.17647     -3.82353     0.782131
   -0.882353     -3.82353      1.32217
   -0.588235     -3.82353      1.75702
   -0.294118     -3.82353      2.03848
           0     -3.82353      2.13581
    0.294118     -3.82353      2.03848
    0.588235     -3.82353      1.75702
    0.882353     -3.82353      1.32217
     1.17647     -3.82353     0.782131
     1.47059     -3.82353     0.197575
     1.76471     -3.82353    -0.365643
     2.05882     -3.82353    -0.845497
     2.35294     -3.82353     -1.19305
     2.64706     -3.82353     -1.38002
     2.94118     -3.82353     -1.40269
     3.23529     -3.82353      -1.2811
     3.52941     -3.82353      -1.0537
     3.82353     -3.82353    -0.768672
     4.11765     -3.82353    -0.474285
     4.41176     -3.82353    -0.210542
     4.70588     -3.82353  -0.00381644
           5     -3.82353     0.134774
          -5     -3.52941    0.0949059
    -4.70588     -3.52941  -0.00267543
    -4.41176     -3.52941     -0.14687
    -4.11765     -3.52941     -0.32907
    -3.82353     -3.52941    -0.530191
    -3.52941     -3.52941    -0.722154
    -3.23529     -3.52941    -0.871957
    -2.94118     -3.52941    -0.947679
    -2.64706     -3.52941    -0.925108
    -2.35294     -3.52941    -0.793288
    -2.05882     -3.52941     -0.55754
    -1.76471     -3.52941    -0.239133
    -1.47059     -3.52941     0.128198
    -1.17647     -3.52941     0.503838
   -0.882353     -3.52941     0.846492
   -0.588235     -3.52941      1.11958
   -0.294118     -3.52941      1.29506
           0     -3.52941      1.35551
    0.294118     -3.52941      1.29506
    0.588235     -3.52941      1.11958
    0.882353     -3.52941     0.846492
     1.17647     -3.52941     0.503838
     1.47059     -3.52941     0.128198
     1.76471     -3.52941    -0.239133
     2.05882     -3.52941     -0.55754
     2.35294     -3.52941    -0.793288
     2.64706     -3.52941    -0.925108
     2.94118     -3.52941    -0.947679
     3.23529     -3.52941    -0.871957
     3.52941     -3.52941    -0.722154
     3.82353     -3.52941    -0.530191
     4.11765     -3.52941     -0.32907
     4.41176     -3.52941     -0.14687
     4.70588     -3.52941  -0.00267543
           5     -3.52941    0.0949059
          -5     -3.23529    0.0271282
    -4.70588     -3.23529 -0.000761213
    -4.41176     -3.23529   -0.0415732
    -4.11765     -3.23529    -0.092619
    -3.82353     -3.23529    -0.148292
    -3.52941     -3.23529    -0.200592
    -3.23529     -3.23529    -0.240379
    -2.94118     -3.23529    -0.259117
    -2.64706     -3.23529    -0.250722
    -2.35294     -3.23529    -0.212996
    -2.05882     -3.23529    -0.148252
    -1.76471     -3.23529   -0.0629648
    -1.47059     -3.23529    0.0334332
    -1.17647     -3.23529     0.130234
   -0.882353     -3.23529     0.217123
   -0.588235     -3.23529     0.285454
   -0.294118     -3.23529     0.328937
           0     -3.23529      0.34384
    0.294118     -3.23529     0.328937
    0.588235     -3.23529     0.285454
    0.882353     -3.23529     0.217123
     1.17647     -3.23529     0.130234
     1.47059     -3.23529    0.0334332
     1.76471     -3.23529   -0.0629648
     2.05882     -3.23529    -0.148252
     2.35294     -3.23529    -0.212996
     2.64706     -3.23529    -0.250722
     2.94118     -3.23529    -0.259117
     3.23529     -3.23529    -0.240379
     3.52941     -3.23529    -0.200592
     3.82353     -3.23529    -0.148292
     4.11765     -3.23529    -0.092619
     4.41176     -3.23529   -0.0415732
     4.70588     -3.23529 -0.000761213
           5     -3.23529    0.0271282
          -5     -2.94118   -0.0656737
    -4.70588     -2.94118   0.00183409
    -4.41176     -2.94118    0.0996383
    -4.11765     -2.94118     0.220667
    -3.82353     -2.94118     0.350975
    -3.52941     -2.94118     0.471263
    -3.23529     -2.94118     0.560116
    -2.94118     -2.94118     0.598326
    -2.64706     -2.94118     0.573225
    -2.35294     -2.94118     0.481779
    -2.05882     -2.94118     0.331544
    -1.76471     -2.94118     0.139169
    -1.47059     -2.94118   -0.0730366
    -1.17647     -2.94118    -0.281362
   -0.882353     -2.94118    -0.464509
   -0.588235     -2.94118    -0.605989
   -0.294118     -2.94118    -0.694831
           0     -2.94118    -0.725064
    0.294118     -2.94118    -0.694831
    0.588235     -2.94118    -0.605989
    0.882353     -2.94118    -0.464509
     1.17647     -2.94118    -0.281362
     1.47059     -2.94118   -0.0730366
     1.76471     -2.94118     0.139169
     2.05882     -2.94118     0.331544
     2.35294     -2.94118     0.481779
     2.64706     -2.94118     0.573225
     2.94118     -2.94118     0.598326
     3.23529     -2.94118     0.560116
     3.52941     -2.94118     0.471263
     3.82353     -2.94118     0.350975
     4.11765     -2.94118     0.220667
     4.41176     -2.94118    0.0996383
     4.70588     -2.94118   0.00183409
           5     -2.94118   -0.0656737
          -5     -2.64706    -0.175529
    -4.70588     -2.64706   0.00487872
    -4.41176     -2.64706     0.263615
    -4.11765     -2.64706     0.580273
    -3.82353     -2.64706     0.916581
    -3.52941     -2.64706      1.22113
    -3.23529     -2.64706      1.43861
    -2.94118     -2.64706      1.52157
    -2.64706     -2.64706      1.44168
    -2.35294     -2.64706      1.19696
    -2.05882     -2.64706      0.81284
    -1.76471     -2.64706     0.336431
    -1.47059     -2.64706    -0.174037
    -1.17647     -2.64706    -0.661128
   -0.882353     -2.64706     -1.07775
   -0.588235     -2.64706     -1.39173
   -0.294118     -2.64706     -1.58518
           0     -2.64706     -1.65032
    0.294118     -2.64706     -1.58518
    0.588235     -2.64706     -1.39173
    0.882353     -2.64706     -1.07775
     1.17647     -2.64706    -0.661128
     1.47059     -2.64706    -0.174037
     1.76471     -2.64706     0.336431
     2.05882     -2.64706      0.81284
     2.35294     -2.64706      1.19696
     2.64706     -2.64706      1.44168
     2.94118     -2.64706      1.52157
     3.23529     -2.64706      1.43861
     3.52941     -2.64706      1.22113
     3.82353     -2.64706     0.916581
     4.11765     -2.64706     0.580273
     4.41176     -2.64706     0.263615
     4.70588     -2.64706   0.00487872
           5     -2.64706    -0.175529
          -5     -2.35294    -0.289958
    -4.70588     -2.35294   0.00802119
    -4.41176     -2.35294     0.431082
    -4.11765     -2.35294     0.943059
    -3.82353     -2.35294      1.47911
    -3.52941     -2.35294      1.95459
    -3.23529     -2.35294      2.28127
    -2.94118     -2.35294       2.3871
    -2.64706     -2.35294      2.23426
    -2.35294     -2.35294       1.8295
    -2.05882     -2.35294      1.22336
    -1.76471     -2.35294     0.497877
    -1.47059     -2.35294    -0.253011
    -1.17647     -2.35294    -0.944098
   -0.882353     -2.35294      -1.5136
   -0.588235     -2.35294     -1.92779
   -0.294118     -2.35294     -2.17566
           0     -2.35294     -2.25775
    0.294118     -2.35294     -2.17566
    0.588235     -2.35294     -1.92779
    0.882353     -2.35294      -1.5136
     1.17647     -2.35294    -0.944098
     1.47059     -2.35294    -0.253011
     1.76471     -2.35294     0.497877
     2.05882     -2.35294      1.22336
     2.35294     -2.35294       1.8295
     2.64706     -2.35294      2.23426
     2.94118     -2.35294       2.3871
     3.23529     -2.35294      2.28127
     3.52941     -2.35294      1.95459
     3.82353     -2.35294      1.47911
     4.11765     -2.35294     0.943059
     4.41176     -2.35294     0.431082
     4.70588     -2.35294   0.00802119
           5     -2.35294    -0.289958
          -5     -2.05882    -0.393573
    -4.70588     -2.05882    0.0108377
    -4.41176     -2.05882     0.579376
    -4.11765     -2.05882      1.25974
    -3.82353     -2.05882      1.96177
    -3.52941     -2.05882      2.57098
    -3.23529     -2.05882      2.97168
    -2.94118     -2.05882      3.07441
    -2.64706     -2.05882       2.8396
    -2.35294     -2.05882      2.28955
    -2.05882     -2.05882        1.504
    -1.76471     -2.05882     0.599915
    -1.47059     -2.05882    -0.298215
    -1.17647     -2.05882      -1.0874
   -0.882353     -2.05882     -1.70476
   -0.588235     -2.05882     -2.12997
   -0.294118     -2.05882     -2.37244
           0     -2.05882     -2.45042
    0.294118     -2.05882     -2.37244
    0.588235     -2.05882     -2.12997
    0.882353     -2.05882     -1.70476
     1.17647     -2.05882      -1.0874
     1.47059     -2.05882    -0.298215
     1.76471     -2.05882     0.599915
     2.05882     -2.05882        1.504
     2.35294     -2.05882      2.28955
     2.64706     -2.05882       2.8396
     2.94118     -2.05882      3.07441
     3.23529     -2.05882      2.97168
     3.52941     -2.05882      2.57098
     3.82353     -2.05882      1.96177
     4.11765     -2.05882      1.25974
     4.41176     -2.05882     0.579376
     4.70588     -2.05882    0.0108377
           5     -2.05882    -0.393573
          -5     -1.76471    -0.470464
    -4.70588     -1.76471     0.012899
    -4.41176     -1.76471     0.686096
    -4.11765     -1.76471      1.48298
    -3.82353     -1.76471       2.2934
    -3.52941     -1.76471       2.9809
    -3.23529     -1.76471      3.41183
    -2.94118     -1.76471      3.48858
    -2.64706     -1.76471      3.17712
    -2.35294     -1.76471      2.51887
    -2.05882     -1.76471      1.62172
    -1.76471     -1.76471     0.631739
    -1.47059     -1.76471    -0.305606
    -1.17647     -1.76471     -1.08147
   -0.882353     -1.76471      -1.6443
   -0.588235     -1.76471     -1.99845
   -0.294118     -1.76471     -2.18254
           0     -1.76471     -2.23811
    0.294118     -1.76471     -2.18254
    0.588235     -1.76471     -1.99845
    0.882353     -1.76471      -1.6443
     1.17647     -1.76471     -1.08147
     1.47059     -1.76471    -0.305606
     1.76471     -1.76471     0.631739
     2.05882     -1.76471      1.62172
     2.35294     -1.76471      2.51887
     2.64706     -1.76471      3.17712
     2.94118     -1.76471      3.48858
     3.23529     -1.76471      3.41183
     3.52941     -1.76471       2.9809
     3.82353     -1.76471       2.2934
     4.11765     -1.76471      1.48298
     4.41176     -1.76471     0.686096
     4.70588     -1.76471     0.012899
           5     -1.76471    -0.470464
          -5     -1.47059     -0.50691
    -4.70588     -1.47059    0.0138432
    -4.41176     -1.47059     0.732896
    -4.11765     -1.47059      1.57543
    -3.82353     -1.47059      2.42039
    -3.52941     -1.47059      3.12119
    -3.23529     -1.47059      3.53833
    -2.94118     -1.47059      3.57584
    -2.64706     -1.47059      3.21005
    -2.35294     -1.47059      2.50008
    -2.05882     -1.47059      1.57452
    -1.76471     -1.47059     0.596888
    -1.47059     -1.47059    -0.279357
    -1.17647     -1.47059    -0.950936
   -0.882353     -1.47059      -1.3855
   -0.588235     -1.47059      -1.6158
   -0.294118     -1.47059     -1.71037
           0     -1.47059     -1.73331
    0.294118     -1.47059     -1.71037
    0.588235     -1.47059      -1.6158
    0.882353     -1.47059      -1.3855
     1.17647     -1.47059    -0.950936
     1.47059     -1.47059    -0.279357
     1.76471     -1.47059     0.596888
     2.05882     -1.47059      1.57452
     2.35294     -1.47059      2.50008
     2.64706     -1.47059      3.21005
     2.94118     -1.47059      3.57584
     3.23529     -1.47059      3.53833
     3.52941     -1.47059      3.12119
     3.82353     -1.47059      2.42039
     4.11765     -1.47059      1.57543
     4.41176     -1.47059     0.732896
     4.70588     -1.47059    0.0138432
           5     -1.47059     -0.50691
          -5     -1.17647    -0.493878
    -4.70588     -1.17647    0.0134405
    -4.41176     -1.17647     0.708659
    -4.11765     -1.17647      1.51586
    -3.82353     -1.17647      2.31512
    -3.52941     -1.17647      2.96396
    -3.23529     -1.17647       3.3303
    -2.94118     -1.17647      3.32846
    -2.64706     -1.17647      2.94643
    -2.35294     -1.17647      2.25409
    -2.05882     -1.17647      1.38722
    -1.76471     -1.17647     0.510369
    -1.47059     -1.17647    -0.229769
    -1.17647     -1.17647     -0.74445
   -0.882353     -1.17647     -1.02185
   -0.588235     -1.17647     -1.11774
   -0.294118     -1.17647     -1.12172
           0     -1.17647     -1.11269
    0.294118     -1.17647     -1.12172
    0.588235     -1.17647     -1.11774
    0.882353     -1.17647     -1.02185
     1.17647     -1.17647     -0.74445
     1.47059     -1.17647    -0.229769
     1.76471     -1.17647     0.510369
     2.05882     -1.17647      1.38722
     2.35294     -1.17647      2.25409
     2.64706     -1.17647      2.94643
     2.94118     -1.17647      3.32846
     3.23529     -1.17647       3.3303
     3.52941     -1.17647      2.96396
     3.82353     -1.17647      2.31512
     4.11765     -1.17647      1.51586
     4.41176     -1.17647     0.708659
     4.70588     -1.17647    0.0134405
           5     -1.17647    -0.493878
          -5    -0.882353    -0.428807
    -4.70588    -0.882353    0.0116364
    -4.41176    -0.882353     0.611452
    -4.11765    -0.882353      1.30258
    -3.82353    -0.882353      1.97947
    -3.52941    -0.882353      2.51866
    -3.23529    -0.882353      2.80823
    -2.94118    -0.882353      2.77932
    -2.64706    -0.882353      2.42936
    -2.35294    -0.882353      1.82781
    -2.05882    -0.882353      1.09999
    -1.76471    -0.882353     0.392482
    -1.47059    -0.882353    -0.169322
    -1.17647    -0.882353    -0.516835
   -0.882353    -0.882353    -0.653799
   -0.588235    -0.882353    -0.645622
   -0.294118    -0.882353    -0.586357
           0    -0.882353     -0.55619
    0.294118    -0.882353    -0.586357
    0.588235    -0.882353    -0.645622
    0.882353    -0.882353    -0.653799
     1.17647    -0.882353    -0.516835
     1.47059    -0.882353    -0.169322
     1.76471    -0.882353     0.392482
     2.05882    -0.882353      1.09999
     2.35294    -0.882353      1.82781
     2.64706    -0.882353      2.42936
     2.94118    -0.882353      2.77932
     3.23529    -0.882353      2.80823
     3.52941    -0.882353      2.51866
     3.82353    -0.882353      1.97947
     4.11765    -0.882353      1.30258
     4.41176    -0.882353     0.611452
     4.70588    -0.882353    0.0116364
           5    -0.882353    -0.428807
          -5    -0.588235    -0.316342
    -4.70588    -0.588235   0.00856626
    -4.41176    -0.588235     0.448979
    -4.11765    -0.588235     0.953508
    -3.82353    -0.588235      1.44351
    -3.52941    -0.588235      1.82803
    -3.23529    -0.588235      2.02602
    -2.94118    -0.588235      1.98971
    -2.64706    -0.588235      1.72152
    -2.35294    -0.588235       1.2775
    -2.05882    -0.588235     0.754188
    -1.76471    -0.588235     0.261765
    -1.47059    -0.588235    -0.108362
    -1.17647    -0.588235    -0.310231
   -0.882353    -0.588235     -0.35429
   -0.588235    -0.588235    -0.298105
   -0.294118    -0.588235    -0.219976
           0    -0.588235    -0.185475
    0.294118    -0.588235    -0.219976
    0.588235    -0.588235    -0.298105
    0.882353    -0.588235     -0.35429
     1.17647    -0.588235    -0.310231
     1.47059    -0.588235    -0.108362
     1.76471    -0.588235     0.261765
     2.05882    -0.588235     0.754188
     2.35294    -0.588235       1.2775
     2.64706    -0.588235      1.72152
     2.94118    -0.588235      1.98971
     3.23529    -0.588235      2.02602
     3.52941    -0.588235      1.82803
     3.82353    -0.588235      1.44351
     4.11765    -0.588235     0.953508
     4.41176    -0.588235     0.448979
     4.70588    -0.588235   0.00856626
           5    -0.588235    -0.316342
          -5    -0.294118    -0.167877
    -4.70588    -0.294118   0.00453997
    -4.41176    -0.294118     0.237575
    -4.11765    -0.294118     0.503573
    -3.82353    -0.294118     0.760543
    -3.52941    -0.294118     0.960268
    -3.23529    -0.294118      1.06022
    -2.94118    -0.294118      1.03605
    -2.64706    -0.294118     0.890452
    -2.35294    -0.294118     0.654738
    -2.05882    -0.294118     0.381483
    -1.76471    -0.294118     0.129824
    -1.47059    -0.294118     -0.05209
    -1.17647    -0.294118    -0.141386
   -0.882353    -0.294118    -0.146123
   -0.588235    -0.294118   -0.0998968
   -0.294118    -0.294118   -0.0471779
           0    -0.294118   -0.0248615
    0.294118    -0.294118   -0.0471779
    0.588235    -0.294118   -0.0998968
    0.882353    -0.294118    -0.146123
     1.17647    -0.294118    -0.141386
     1.47059    -0.294118     -0.05209
     1.76471    -0.294118     0.129824
     2.05882    -0.294118     0.381483
     2.35294    -0.294118     0.654738
     2.64706    -0.294118     0.890452
     2.94118    -0.294118      1.03605
     3.23529    -0.294118      1.06022
     3.52941    -0.294118     0.960268
     3.82353    -0.294118     0.760543
     4.11765    -0.294118     0.503573
     4.41176    -0.294118     0.237575
     4.70588    -0.294118   0.00453997
           5    -0.294118    -0.167877
          -5            0            0
    -4.70588            0           -0
    -4.41176            0           -0
    -4.11765            0           -0
    -3.82353            0           -0
    -3.52941            0           -0
    -3.23529            0           -0
    -2.94118            0           -0
    -2.64706            0           -0
    -2.35294            0           -0
    -2.05882            0           -0
    -1.76471            0           -0
    -1.47059            0            0
    -1.17647            0            0
   -0.882353            0            0
   -0.588235            0            0
   -0.294118            0            0
           0            0            0
    0.294118            0            0
    0.588235            0            0
    0.882353            0            0
     1.17647            0            0
     1.47059            0            0
     1.76471            0           -0
     2.05882            0           -0
     2.35294            0           -0
     2.64706            0           -0
     2.94118            0           -0
     3.23529            0           -0
     3.52941            0           -0
     3.82353            0           -0
     4.11765            0           -0
     4.41176            0           -0
     4.70588            0           -0
           5            0            0
          -5     0.294118     0.167877
    -4.70588     0.294118  -0.00453997
    -4.41176     0.294118    -0.237575
    -4.11765     0.294118    -0.503573
    -3.82353     0.294118    -0.760543
    -3.52941     0.294118    -0.960268
    -3.23529     0.294118     -1.06022
    -2.94118     0.294118     -1.03605
    -2.64706     0.294118    -0.890452
    -2.35294     0.294118    -0.654738
    -2.05882     0.294118    -0.381483
    -1.76471     0.294118    -0.129824
    -1.47059     0.294118      0.05209
    -1.17647     0.294118     0.141386
   -0.882353     0.294118     0.146123
   -0.588235     0.294118    0.0998968
   -0.294118     0.294118    0.0471779
           0     0.294118    0.0248615
    0.294118     0.294118    0.0471779
    0.588235     0.294118    0.0998968
    0.882353     0.294118     0.146123
     1.17647     0.294118     0.141386
     1.47059     0.294118      0.05209
     1.76471     0.294118    -0.129824
     2.05882     0.294118    -0.381483
     2.35294     0.294118    -0.654738
     2.64706     0.294118    -0.890452
     2.94118     0.294118     -1.03605
     3.23529     0.294118     -1.06022
     3.52941     0.294118    -0.960268
     3.82353     0.294118    -0.760543
     4.11765     0.294118    -0.503573
     4.41176     0.294118    -0.237575
     4.70588     0.294118  -0.00453997
           5     0.294118     0.167877
          -5     0.588235     0.316342
    -4.70588     0.588235  -0.00856626
    -4.41176     0.588235    -0.448979
    -4.11765     0.588235    -0.953508
    -3.82353     0.588235     -1.44351
    -3.52941     0.588235     -1.82803
    -3.23529     0.588235     -2.02602
    -2.94118     0.588235     -1.98971
    -2.64706     0.588235     -1.72152
    -2.35294     0.588235      -1.2775
    -2.05882     0.588235    -0.754188
    -1.76471     0.588235    -0.261765
    -1.47059     0.588235     0.108362
    -1.17647     0.588235     0.310231
   -0.882353     0.588235      0.35429
   -0.588235     0.588235     0.298105
   -0.294118     0.588235     0.219976
           0     0.588235     0.185475
    0.294118     0.588235     0.219976
    0.588235     0.588235     0.298105
    0.882353     0.588235      0.35429
     1.17647     0.588235     0.310231
     1.47059     0.588235     0.108362
     1.76471     0.588235    -0.261765
     2.05882     0.588235    -0.754188
     2.35294     0.588235      -1.2775
     2.64706     0.588235     -1.72152
     2.94118     0.588235     -1.98971
     3.23529     0.588235     -2.02602
     3.52941     0.588235     -1.82803
     3.82353     0.588235     -1.44351
     4.11765     0.588235    -0.953508
     4.41176     0.588235    -0.448979
     4.70588     0.588235  -0.00856626
           5     0.588235     0.316342
          -5     0.882353     0.428807
    -4.70588     0.882353   -0.0116364
    -4.41176     0.882353    -0.611452
    -4.11765     0.882353     -1.30258
    -3.82353     0.882353     -1.97947
    -3.52941     0.882353     -2.51866
    -3.23529     0.882353     -2.80823
    -2.94118     0.882353     -2.77932
    -2.64706     0.882353     -2.42936
    -2.35294     0.882353     -1.82781
    -2.05882     0.882353     -1.09999
    -1.76471     0.882353    -0.392482
    -1.47059     0.882353     0.169322
    -1.17647     0.882353     0.516835
   -0.882353     0.882353     0.653799
   -0.588235     0.882353     0.645622
   -0.294118     0.882353     0.586357
           0     0.882353      0.55619
    0.294118     0.882353     0.586357
    0.588235     0.882353     0.645622
    0.882353     0.882353     0.653799
     1.17647     0.882353     0.516835
     1.47059     0.882353     0.169322
     1.76471     0.882353    -0.392482
     2.05882     0.882353     -1.09999
     2.35294     0.882353     -1.82781
     2.64706     0.882353     -2.42936
     2.94118     0.882353     -2.77932
     3.23529     0.882353     -2.80823
     3.52941     0.882353     -2.51866
     3.82353     0.882353     -1.97947
     4.11765     0.882353     -1.30258
     4.41176     0.882353    -0.611452
     4.70588     0.882353   -0.0116364
           5     0.882353     0.428807
          -5      1.17647     0.493878
    -4.70588      1.17647   -0.0134405
    -4.41176      1.17647    -0.708659
    -4.11765      1.17647     -1.51586
    -3.82353      1.17647     -2.31512
    -3.52941      1.17647     -2.96396
    -3.23529      1.17647      -3.3303
    -2.94118      1.17647     -3.32846
    -2.64706      1.17647     -2.94643
    -2.35294      1.17647     -2.25409
    -2.05882      1.17647     -1.38722
    -1.76471      1.17647    -0.510369
    -1.47059      1.17647     0.229769
    -1.17647      1.17647      0.74445
   -0.882353      1.17647      1.02185
   -0.588235      1.17647      1.11774
   -0.294118      1.17647      1.12172
           0      1.17647      1.11269
    0.294118      1.17647      1.12172
    0.588235      1.17647      1.11774
    0.882353      1.17647      1.02185
     1.17647      1.17647      0.74445
     1.47059      1.17647     0.229769
     1.76471      1.17647    -0.510369
     2.05882      1.17647     -1.38722
     2.35294      1.17647     -2.25409
     2.64706      1.17647     -2.94643
     2.94118      1.17647     -3.32846
     3.23529      1.17647      -3.3303
     3.52941      1.17647     -2.96396
     3.82353      1.17647     -2.31512
     4.11765      1.17647     -1.51586
     4.41176      1.17647    -0.708659
     4.70588      1.17647   -0.0134405
           5      1.17647     0.493878
          -5      1.47059      0.50691
    -4.70588      1.47059   -0.0138432
    -4.41176      1.47059    -0.732896
    -4.11765      1.47059     -1.57543
    -3.82353      1.47059     -2.42039
    -3.52941      1.47059     -3.12119
    -3.23529      1.47059     -3.53833
    -2.94118      1.47059     -3.57584
    -2.64706      1.47059     -3.21005
    -2.35294      1.47059     -2.50008
    -2.05882      1.47059     -1.57452
    -1.76471      1.47059    -0.596888
    -1.47059      1.47059     0.279357
    -1.17647      1.47059     0.950936
   -0.882353      1.47059       1.3855
   -0.588235      1.47059       1.6158
   -0.294118      1.47059      1.71037
           0      1.47059      1.73331
    0.294118      1.47059      1.71037
    0.588235      1.47059       1.6158
    0.882353      1.47059       1.3855
     1.17647      1.47059     0.950936
     1.47059      1.47059     0.279357
     1.76471      1.47059    -0.596888
     2.05882      1.47059     -1.57452
     2.35294      1.47059     -2.50008
     2.64706      1.47059     -3.21005
     2.94118      1.47059     -3.57584
     3.23529      1.47059     -3.53833
     3.52941      1.47059     -3.12119
     3.82353      1.47059     -2.42039
     4.11765      1.47059     -1.57543
     4.41176      1.47059    -0.732896
     4.70588      1.47059   -0.0138432
           5      1.47059      0.50691
          -5      1.76471     0.470464
    -4.70588      1.76471    -0.012899
    -4.41176      1.76471    -0.686096
    -4.11765      1.76471     -1.48298
    -3.82353      1.76471      -2.2934
    -3.52941      1.76471      -2.9809
    -3.23529      1.76471     -3.41183
    -2.94118      1.76471     -3.48858
    -2.64706      1.76471     -3.17712
    -2.35294      1.76471     -2.51887
    -2.05882      1.76471     -1.62172
    -1.76471      1.76471    -0.631739
    -1.47059      1.76471     0.305606
    -1.17647      1.76471      1.08147
   -0.882353      1.76471       1.6443
   -0.588235      1.76471      1.99845
   -0.294118      1.76471      2.18254
           0      1.76471      2.23811
    0.294118      1.76471      2.18254
    0.588235      1.76471      1.99845
    0.882353      1.76471       1.6443
     1.17647      1.76471      1.08147
     1.47059      1.76471     0.305606
     1.76471      1.76471    -0.631739
     2.05882      1.76471     -1.62172
     2.35294      1.76471     -2.51887
     2.64706      1.76471     -3.17712
     2.94118      1.76471     -3.48858
     3.23529      1.76471     -3.41183
     3.52941      1.76471      -2.9809
     3.82353      1.76471      -2.2934
     4.11765      1.76471     -1.48298
     4.41176      1.76471    -0.686096
     4.70588      1.76471    -0.012899
           5      1.76471     0.470464
          -5      2.05882     0.393573
    -4.70588      2.05882   -0.0108377
    -4.41176      2.05882    -0.579376
    -4.11765      2.05882     -1.25974
    -3.82353      2.05882     -1.96177
    -3.52941      2.05882     -2.57098
    -3.23529      2.05882     -2.97168
    -2.94118      2.05882     -3.07441
    -2.64706      2.05882      -2.8396
    -2.35294      2.05882     -2.28955
    -2.05882      2.05882       -1.504
    -1.76471      2.05882    -0.599915
    -1.47059      2.05882     0.298215
    -1.17647      2.05882       1.0874
   -0.882353      2.05882      1.70476
   -0.588235      2.05882      2.12997
   -0.294118      2.05882      2.37244
           0      2.05882      2.45042
    0.294118      2.05882      2.37244
    0.588235      2.05882      2.12997
    0.882353      2.05882      1.70476
     1.17647      2.05882       1.0874
     1.47059      2.05882     0.298215
     1.76471      2.05882    -0.599915
     2.05882      2.05882       -1.504
     2.35294      2.05882     -2.28955
     2.64706      2.05882      -2.8396
     2.94118      2.05882     -3.07441
     3.23529      2.05882     -2.97168
     3.52941      2.05882     -2.57098
     3.82353      2.05882     -1.96177
     4.11765      2.05882     -1.25974
     4.41176      2.05882    -0.579376
     4.70588      2.05882   -0.0108377
           5      2.05882     0.393573
          -5      2.35294     0.289958
    -4.70588      2.35294  -0.00802119
    -4.41176      2.35294    -0.431082
    -4.11765      2.35294    -0.943059
    -3.82353      2.35294     -1.47911
    -3.52941      2.35294     -1.95459
    -3.23529      2.35294     -2.28127
    -2.94118      2.35294      -2.3871
    -2.64706      2.35294     -2.23426
    -2.35294      2.35294      -1.8295
    -2.05882      2.35294     -1.22336
    -1.76471      2.35294    -0.497877
    -1.47059      2.35294     0.253011
    -1.17647      2.35294     0.944098
   -0.882353      2.35294       1.5136
   -0.588235      2.35294      1.92779
   -0.294118      2.35294      2.17566
           0      2.35294      2.25775
    0.294118      2.35294      2.17566
    0.588235      2.35294      1.92779
    0.882353      2.35294       1.5136
     1.17647      2.35294     0.944098
     1.47059      2.35294     0.253011
     1.76471      2.35294    -0.497877
     2.05882      2.35294     -1.22336
     2.35294      2.35294      -1.8295
     2.64706      2.35294     -2.23426
     2.94118      2.35294      -2.3871
     3.23529      2.35294     -2.28127
     3.52941      2.35294     -1.95459
     3.82353      2.35294     -1.47911
     4.11765      2.35294    -0.943059
     4.41176      2.35294    -0.431082
     4.70588      2.35294  -0.00802119
           5      2.35294     0.289958
          -5      2.64706     0.175529
    -4.70588      2.64706  -0.00487872
    -4.41176      2.64706    -0.263615
    -4.11765      2.64706    -0.580273
    -3.82353      2.64706    -0.916581
    -3.52941      2.64706     -1.22113
    -3.23529      2.64706     -1.43861
    -2.94118      2.64706     -1.52157
    -2.64706      2.64706     -1.44168
    -2.35294      2.64706     -1.19696
    -2.05882      2.64706     -0.81284
    -1.76471      2.64706    -0.336431
    -1.47059      2.64706     0.174037
    -1.17647      2.64706     0.661128
   -0.882353      2.64706      1.07775
   -0.588235      2.64706      1.39173
   -0.294118      2.64706      1.58518
           0      2.64706      1.65032
    0.294118      2.64706      1.58518
    0.588235      2.64706      1.39173
    0.882353      2.64706      1.07775
     1.17647      2.64706     0.661128
     1.47059      2.64706     0.174037
     1.76471      2.64706    -0.336431
     2.05882      2.64706     -0.81284
     2.35294      2.64706     -1.19696
     2.64706      2.64706     -1.44168
     2.94118      2.64706     -1.52157
     3.23529      2.64706     -1.43861
     3.52941      2.64706     -1.22113
     3.82353      2.64706    -0.916581
     4.11765      2.64706    -0.580273
     4.41176      2.64706    -0.263615
     4.70588      2.64706  -0.00487872
           5      2.64706     0.175529
          -5      2.94118    0.0656737
    -4.70588      2.94118  -0.00183409
    -4.41176      2.94118   -0.0996383
    -4.11765      2.94118    -0.220667
    -3.82353      2.94118    -0.350975
    -3.52941      2.94118    -0.471263
    -3.23529      2.94118    -0.560116
    -2.94118      2.94118    -0.598326
    -2.64706      2.94118    -0.573225
    -2.35294      2.94118    -0.481779
    -2.05882      2.94118    -0.331544
    -1.76471      2.94118    -0.139169
    -1.47059      2.94118    0.0730366
    -1.17647      2.94118     0.281362
   -0.882353      2.94118     0.464509
   -0.588235      2.94118     0.605989
   -0.294118      2.94118     0.694831
           0      2.94118     0.725064
    0.294118      2.94118     0.694831
    0.588235      2.94118     0.605989
    0.882353      2.94118     0.464509
     1.17647      2.94118     0.281362
     1.47059      2.94118    0.0730366
     1.76471      2.94118    -0.139169
     2.05882      2.94118    -0.331544
     2.35294      2.94118    -0.481779
     2.64706      2.94118    -0.573225
     2.94118      2.94118    -0.598326
     3.23529      2.94118    -0.560116
     3.52941      2.94118    -0.471263
     3.82353      2.94118    -0.350975
     4.11765      2.94118    -0.220667
     4.41176      2.94118   -0.0996383
     4.70588      2.94118  -0.00183409
           5      2.94118    0.0656737
          -5      3.23529   -0.0271282
    -4.70588      3.23529  0.000761213
    -4.41176      3.23529    0.0415732
    -4.11765      3.23529     0.092619
    -3.82353      3.23529     0.148292
    -3.52941      3.23529     0.200592
    -3.23529      3.23529     0.240379
    -2.94118      3.23529     0.259117
    -2.64706      3.23529     0.250722
    -2.35294      3.23529     0.212996
    -2.05882      3.23529     0.148252
    -1.76471      3.23529    0.0629648
    -1.47059      3.23529   -0.0334332
    -1.17647      3.23529    -0.130234
   -0.882353      3.23529    -0.217123
   -0.588235      3.23529    -0.285454
   -0.294118      3.23529    -0.328937
           0      3.23529     -0.34384
    0.294118      3.23529    -0.328937
    0.588235      3.23529    -0.285454
    0.882353      3.23529    -0.217123
     1.17647      3.23529    -0.130234
     1.47059      3.23529   -0.0334332
     1.76471      3.23529    0.0629648
     2.05882      3.23529     0.148252
     2.35294      3.23529     0.212996
     2.64706      3.23529     0.250722
     2.94118      3.23529     0.259117
     3.23529      3.23529     0.240379
     3.52941      3.23529     0.200592
     3.82353      3.23529     0.148292
     4.11765      3.23529     0.092619
     4.41176      3.23529    0.0415732
     4.70588      3.23529  0.000761213
           5      3.23529   -0.0271282
          -5      3.52941   -0.0949059
    -4.70588      3.52941   0.00267543
    -4.41176      3.52941      0.14687
    -4.11765      3.52941      0.32907
    -3.82353      3.52941     0.530191
    -3.52941      3.52941     0.722154
    -3.23529      3.52941     0.871957
    -2.94118      3.52941     0.947679
    -2.64706      3.52941     0.925108
    -2.35294      3.52941     0.793288
    -2.05882      3.52941      0.55754
    -1.76471      3.52941     0.239133
    -1.47059      3.52941    -0.128198
    -1.17647      3.52941    -0.503838
   -0.882353      3.52941    -0.846492
   -0.588235      3.52941     -1.11958
   -0.294118      3.52941     -1.29506
           0      3.52941     -1.35551
    0.294118      3.52941     -1.29506
    0.588235      3.52941     -1.11958
    0.882353      3.52941    -0.846492
     1.17647      3.52941    -0.503838
     1.47059      3.52941    -0.128198
     1.76471      3.52941     0.239133
     2.05882      3.52941      0.55754
     2.35294      3.52941     0.793288
     2.64706      3.52941     0.925108
     2.94118      3.52941     0.947679
     3.23529      3.52941     0.871957
     3.52941      3.52941     0.722154
     3.82353      3.52941     0.530191
     4.11765      3.52941      0.32907
     4.41176      3.52941      0.14687
     4.70588      3.52941   0.00267543
           5      3.52941   -0.0949059
          -5      3.82353    -0.134774
    -4.70588      3.82353   0.00381644
    -4.41176      3.82353     0.210542
    -4.11765      3.82353     0.474285
    -3.82353      3.82353     0.768672
    -3.52941      3.82353       1.0537
    -3.23529      3.82353       1.2811
    -2.94118      3.82353      1.40269
    -2.64706      3.82353      1.38002
    -2.35294      3.82353      1.19305
    -2.05882      3.82353     0.845497
    -1.76471      3.82353     0.365643
    -1.47059      3.82353    -0.197575
    -1.17647      3.82353    -0.782131
   -0.882353      3.82353     -1.32217
   -0.588235      3.82353     -1.75702
   -0.294118      3.82353     -2.03848
           0      3.82353     -2.13581
    0.294118      3.82353     -2.03848
    0.588235      3.82353     -1.75702
    0.882353      3.82353     -1.32217
     1.17647      3.82353    -0.782131
     1.47059      3.82353    -0.197575
     1.76471      3.82353     0.365643
     2.05882      3.82353     0.845497
     2.35294      3.82353      1.19305
     2.64706      3.82353      1.38002
     2.94118      3.82353      1.40269
     3.23529      3.82353       1.2811
     3.52941      3.82353       1.0537
     3.82353      3.82353     0.768672
     4.11765      3.82353     0.474285
     4.41176      3.82353     0.210542
     4.70588      3.82353   0.00381644
           5      3.82353    -0.134774
          -5      4.11765    -0.148486
    -4.70588      4.11765    0.0042229
    -4.41176      4.11765      0.23406
    -4.11765      4.11765      0.52995
    -3.82353      4.11765     0.863615
    -3.52941      4.11765      1.19085
    -3.23529      4.11765      1.45696
    -2.94118      4.11765      1.60584
    -2.64706      4.11765      1.59085
    -2.35294      4.11765       1.3851
    -2.05882      4.11765     0.988608
    -1.76471      4.11765     0.430521
    -1.47059      4.11765    -0.234167
    -1.17647      4.11765    -0.932495
   -0.882353      4.11765     -1.58425
   -0.588235      4.11765     -2.11331
   -0.294118      4.11765     -2.45769
           0      4.11765     -2.57712
    0.294118      4.11765     -2.45769
    0.588235      4.11765     -2.11331
    0.882353      4.11765     -1.58425
     1.17647      4.11765    -0.932495
     1.47059      4.11765    -0.234167
     1.76471      4.11765     0.430521
     2.05882      4.11765     0.988608
     2.35294      4.11765       1.3851
     2.64706      4.11765      1.59085
     2.94118      4.11765      1.60584
     3.23529      4.11765      1.45696
     3.52941      4.11765      1.19085
     3.82353      4.11765     0.863615
     4.11765      4.11765      0.52995
     4.41176      4.11765      0.23406
     4.70588      4.11765    0.0042229
           5      4.11765    -0.148486
          -5      4.41176    -0.141204
    -4.70588      4.41176   0.00403234
    -4.41176      4.41176      0.22449
    -4.11765      4.41176     0.510705
    -3.82353      4.41176     0.836493
    -3.52941      4.41176      1.15969
    -3.23529      4.41176      1.42693
    -2.94118      4.41176       1.5821
    -2.64706      4.41176      1.57692
    -2.35294      4.41176      1.38148
    -2.05882      4.41176     0.992082
    -1.76471      4.41176     0.434596
    -1.47059      4.41176    -0.237691
    -1.17647      4.41176    -0.951188
   -0.882353      4.41176     -1.62265
   -0.588235      4.41176     -2.17124
   -0.294118      4.41176     -2.52993
           0      4.41176     -2.65461
    0.294118      4.41176     -2.52993
    0.588235      4.41176     -2.17124
    0.882353      4.41176     -1.62265
     1.17647      4.41176    -0.951188
     1.47059      4.41176    -0.237691
     1.76471      4.41176     0.434596
     2.05882      4.41176     0.992082
     2.35294      4.41176      1.38148
     2.64706      4.41176      1.57692
     2.94118      4.41176       1.5821
     3.23529      4.41176      1.42693
     3.52941      4.41176      1.15969
     3.82353      4.41176     0.836493
     4.11765      4.41176     0.510705
     4.41176      4.41176      0.22449
     4.70588      4.41176   0.00403234
           5      4.41176    -0.141204
          -5      4.70588    -0.119877
    -4.70588      4.70588   0.00343666
    -4.41176      4.70588     0.192125
    -4.11765      4.70588     0.439017
    -3.82353      4.70588     0.722454
    -3.52941      4.70588      1.00654
    -3.23529      4.70588      1.24487
    -2.94118      4.70588      1.38757
    -2.64706      4.70588      1.39051
    -2.35294      4.70588      1.22476
    -2.05882      4.70588     0.884204
    -1.76471      4.70588     0.389299
    -1.47059      4.70588    -0.213911
    -1.17647      4.70588    -0.859555
   -0.882353      4.70588     -1.47133
   -0.588235      4.70588     -1.97379
   -0.294118      4.70588      -2.3035
           0      4.70588     -2.41832
    0.294118      4.70588      -2.3035
    0.588235      4.70588     -1.97379
    0.882353      4.70588     -1.47133
     1.17647      4.70588    -0.859555
     1.47059      4.70588    -0.213911
     1.76471      4.70588     0.389299
     2.05882      4.70588     0.884204
     2.35294      4.70588      1.22476
     2.64706      4.70588      1.39051
     2.94118      4.70588      1.38757
     3.23529      4.70588      1.24487
     3.52941      4.70588      1.00654
     3.82353      4.70588     0.722454
     4.11765      4.70588     0.439017
     4.41176      4.70588     0.192125
     4.70588      4.70588   0.00343666
           5      4.70588    -0.119877
          -5            5   -0.0916396
    -4.70588            5   0.00263682
    -4.41176            5     0.147986
    -4.11765            5     0.339548
    -3.82353            5     0.561182
    -3.52941            5     0.785372
    -3.23529            5      0.97585
    -2.94118            5      1.09288
    -2.64706            5      1.10043
    -2.35294            5     0.973851
    -2.05882            5     0.706295
    -1.76471            5      0.31232
    -1.47059            5    -0.172295
    -1.17647            5    -0.694739
   -0.882353            5     -1.19261
   -0.588235            5     -1.60329
   -0.294118            5     -1.87357
           0            5     -1.96783
    0.294118            5     -1.87357
    0.588235            5     -1.60329
    0.882353            5     -1.19261
     1.17647            5    -0.694739
     1.47059            5    -0.172295
     1.76471            5      0.31232
     2.05882            5     0.706295
     2.35294            5     0.973851
     2.64706            5      1.10043
     2.94118            5      1.09288
     3.23529            5      0.97585
     3.52941            5     0.785372
     3.82353            5     0.561182
     4.11765            5     0.339548
     4.41176            5     0.147986
     4.70588            5   0.00263682
           5            5   -0.0916396