22 
22 23 708 
706 707 708 709 
706 1580 1581 
1578 1580 
713 1578 1579 
0 1 712 713 
0 676 677 
674 676 
278 279 674 675 
276 278 
102 103 276 277 
102 380 381 
380 1646 1647 
1646 1648 
29 1648 1649 
28 29 32 33 
33 35 
30 31 34 35 
31 1154 1155 
1152 1155 
295 1152 1153 
24 25 294 295 
24 26 
26 27 58 59 
59 63 
50 51 62 63 
50 326 
326 327 334 335 
332 335 
332 333 742 
742 743 744 745 
72 744 
70 71 72 73 
70 
22 23 1144 1145 
23 708 709 1144 1146 
707 709 710 1146 1147 
706 707 710 711 1581 1584 
1578 1579 1580 1581 1582 1583 1584 1585 
712 713 714 715 1579 1582 
1 712 715 1118 1119 
0 1 677 1117 1118 
674 675 676 677 678 679 1116 1117 
279 281 675 678 
276 277 278 279 280 281 284 285 
103 277 285 286 
102 103 286 287 381 806 807 
380 381 807 1647 1650 
1646 1647 1648 1649 1650 1651 1652 1653 
28 29 386 1649 1652 
28 32 104 386 387 
32 33 34 35 104 105 322 323 
30 34 323 1610 1611 
30 31 1154 1608 1610 
1152 1153 1154 1155 1156 1157 1608 1609 
294 295 1153 1156 1158 
25 294 316 317 1158 1159 
24 25 26 27 316 318 
27 58 61 318 319 
56 57 58 59 60 61 62 63 
51 54 56 62 
50 51 54 55 66 67 326 327 
67 327 328 334 
328 329 330 331 332 333 334 335 
330 333 736 737 742 743 
735 737 743 745 
72 73 74 75 734 735 744 745 
71 73 74 77 
70 71 76 77 
1145 1576 1577 
1144 1145 1146 1147 1577 1964 1965 
710 711 1147 1960 1964 
711 1149 1584 1585 1960 1961 
1148 1149 1150 1151 1583 1585 
292 293 714 1150 1582 1583 
293 714 715 1119 1120 
1116 1117 1118 1119 1120 1121 1122 1123 
679 1116 1123 1127 
19 280 281 678 679 1126 1127 
18 19 280 284 288 
284 285 286 287 288 289 680 681 
287 681 804 806 
804 805 806 807 1243 1650 1651 
1240 1241 1242 1243 1651 1653 
386 387 813 1241 1652 1653 
104 105 384 387 812 813 
105 322 384 385 732 733 
322 323 732 1611 1614 
1608 1609 1610 1611 1612 1613 1614 1615 
1157 1161 1609 1612 
1156 1157 1158 1159 1160 1161 1186 1187 
317 1159 1187 1188 
316 317 318 319 320 321 1188 1189 
48 49 60 61 319 321 
48 52 57 60 
52 53 54 55 56 57 64 65 
55 65 66 68 
66 67 68 69 328 329 340 341 
329 331 340 342 
330 331 342 343 736 1194 1195 
734 735 736 737 1192 1195 
75 734 746 747 1192 1193 
74 75 76 77 746 750 
76 750 751 
1574 1576 
1574 1575 1576 1577 1965 1966 
1960 1961 1962 1963 1964 1965 1966 1967 
1131 1148 1149 1961 1962 
691 1130 1131 1148 1151 
292 690 691 1134 1135 1150 1151 
292 293 1120 1121 1132 1134 
1121 1122 1129 1132 1133 
1122 1123 1124 1125 1126 1127 1128 1129 
18 19 20 1124 1126 
18 20 21 288 289 686 687 
289 680 685 687 
680 681 682 683 684 685 804 805 
302 303 683 805 1242 1243 
302 810 1240 1242 
808 809 810 811 812 813 1240 1241 
382 383 384 385 809 812 
383 385 731 733 
730 731 732 733 1191 1614 1615 
1190 1191 1590 1591 1613 1615 
1160 1161 1591 1612 1613 1974 1975 
1160 1186 1972 1974 
1186 1187 1188 1189 1968 1969 1972 1973 
320 1189 1968 1970 
49 320 321 1183 1970 1971 
48 49 52 53 336 337 1182 1183 
53 64 336 754 755 
64 65 68 69 754 756 
69 341 346 756 757 
340 341 342 343 344 345 346 347 
343 344 1194 1198 
1192 1193 1194 1195 1196 1197 1198 1199 
747 749 1193 1196 
746 747 748 749 750 751 752 753 
751 753 
166 1574 1575 
166 167 1575 1966 1967 2202 2203 
1963 1967 2203 2204 
1130 1131 1962 1963 2062 2204 2205 
690 691 1130 2060 2061 2062 2063 
690 1135 2060 2254 2255 
1132 1133 1134 1135 2254 2257 
693 1128 1129 1133 2256 2257 
290 291 692 693 1125 1128 
20 21 290 704 705 1124 1125 
21 686 702 704 
684 685 686 687 688 689 702 703 
282 283 682 684 689 
283 303 307 682 683 
302 303 304 305 306 307 810 811 
2 3 304 808 811 
3 314 315 382 808 809 
313 315 382 383 730 731 
46 312 313 730 1190 1191 
46 47 1190 1590 1592 
1590 1591 1592 1593 1975 2146 2147 
1972 1973 1974 1975 2147 2149 
1969 1973 2142 2143 2148 2149 
1968 1969 1970 1971 2141 2142 
1182 1183 1589 1971 2140 2141 
337 338 1182 1588 1589 
336 337 338 339 755 758 
754 755 756 757 758 759 760 761 
346 347 757 761 762 
345 347 348 349 762 763 
344 345 348 738 1198 1199 
738 739 740 741 1197 1199 
9 740 748 749 1196 1197 
6 7 8 9 748 752 
6 752 753 
166 167 168 169 
167 169 2202 2270 2271 
2202 2203 2204 2205 2271 2296 2297 
2062 2063 2205 2292 2296 
2061 2063 2264 2265 2292 2293 
2060 2061 2255 2261 2264 
2254 2255 2256 2257 2258 2259 2260 2261 
692 693 694 695 2256 2258 
291 692 694 700 701 
290 291 700 705 1140 1141 
702 703 704 705 1141 1143 
88 89 688 703 1142 1143 
85 89 282 688 689 
39 84 85 282 283 306 307 
38 39 44 45 305 306 
2 42 45 304 305 
2 3 42 43 310 314 
308 309 310 311 312 313 314 315 
46 47 308 312 324 325 
47 324 1185 1592 1593 
1184 1185 1593 2144 2146 
2144 2145 2146 2147 2148 2149 2150 2151 
2143 2148 2150 2152 
2138 2139 2140 2141 2142 2143 2152 2153 
1586 1587 1588 1589 2138 2140 
338 339 725 1586 1588 
339 351 724 725 758 759 
350 351 759 760 766 
760 761 762 763 764 765 766 767 
349 364 365 763 764 
348 349 364 367 738 739 
360 361 366 367 739 741 
8 9 360 363 740 741 
5 7 8 362 363 
4 5 6 7 
168 484 
168 169 484 485 2268 2270 
2268 2269 2270 2271 2297 2299 
2292 2293 2294 2295 2296 2297 2298 2299 
2263 2265 2293 2295 
2260 2261 2262 2263 2264 2265 2266 2267 
2200 2201 2259 2260 2267 
695 1562 2201 2258 2259 
694 695 699 701 1562 1563 
698 699 700 701 1137 1140 
1136 1137 1138 1139 1140 1141 1142 1143 
88 91 1138 1142 
84 85 86 87 88 89 90 91 
38 39 84 87 300 301 
38 44 296 301 
40 41 42 43 44 45 296 297 
41 43 310 311 518 519 
309 311 519 520 
308 309 325 520 521 770 771 
324 325 770 773 1184 1185 
772 773 1184 1606 2144 2145 
1606 1607 2145 2151 2154 
2150 2151 2152 2153 2154 2155 2156 2157 
1602 1603 2139 2153 2156 
1587 1601 1602 2138 2139 
722 723 724 725 1586 1587 1600 1601 
350 351 723 724 1236 1237 
350 766 767 1234 1236 
765 767 784 785 1234 1235 
365 764 765 784 1214 1215 
364 365 366 367 1210 1214 
361 366 1210 1211 1632 1633 
360 361 362 363 1632 2016 2017 
4 5 362 2012 2016 
4 2012 2013 
484 485 486 487 
485 486 497 2268 2269 
496 497 910 2269 2298 2299 
910 911 1783 2294 2298 
1782 1783 1784 1785 2262 2263 2294 2295 
1572 1573 1785 2262 2266 
1567 1572 2200 2266 2267 
1562 1563 1564 1565 1566 1567 2200 2201 
108 109 698 699 1563 1564 
109 373 698 1136 1137 
372 373 716 717 1136 1139 
90 91 717 720 1138 1139 
86 90 720 721 1162 1163 
86 87 300 1162 1165 
296 297 298 299 300 301 1164 1165 
36 40 297 298 
36 37 40 41 518 522 
518 519 520 521 522 523 524 525 
521 525 769 771 
768 769 770 771 772 773 1200 1201 
772 1200 1203 1606 1607 
1202 1203 1607 1979 2154 2155 
1976 1977 1978 1979 2155 2157 
1599 1603 1977 2156 2157 
1598 1599 1600 1601 1602 1603 1604 1605 
370 371 722 1600 1604 
371 722 723 1237 1238 
1234 1235 1236 1237 1238 1239 1626 1627 
785 1235 1627 1628 
784 785 1213 1215 1628 1629 
1208 1209 1210 1211 1212 1213 1214 1215 
1209 1211 1633 1634 
1632 1633 1634 1635 2014 2017 
2010 2011 2012 2013 2014 2015 2016 2017 
2010 2013 
487 1244 1245 
486 487 496 497 1244 1246 
496 815 910 911 1246 1247 
388 814 815 911 1782 1783 
388 389 392 393 1782 1784 
393 1568 1573 1784 1785 
1566 1567 1568 1569 1570 1571 1572 1573 
696 697 1565 1566 1570 
108 378 696 1564 1565 
106 107 108 109 372 373 378 379 
107 372 716 719 
716 717 718 719 720 721 1174 1175 
721 1163 1174 1177 
1162 1163 1164 1165 1168 1169 1176 1177 
299 1164 1168 1170 
36 37 298 299 516 1170 1171 
37 175 516 517 522 523 
174 175 523 524 529 
524 525 526 527 528 529 768 769 
526 768 1201 1204 
1200 1201 1202 1203 1204 1205 1206 1207 
728 729 1202 1206 1978 1979 
728 1595 1976 1978 
1594 1595 1596 1597 1598 1599 1976 1977 
1597 1598 1605 2026 2027 
370 1604 1605 2027 2030 
370 371 1238 1239 1642 2030 2031 
1239 1626 1631 1642 1643 
1626 1627 1628 1629 1630 1631 2000 2001 
1212 1213 1629 2001 2002 
1208 1212 2002 2003 2168 2169 
1208 1209 1634 1635 2168 2242 2243 
1635 2014 2015 2239 2242 
782 783 2011 2015 2238 2239 
783 2010 2011 
1245 1654 1655 
1244 1245 1246 1247 1655 1658 
814 815 1247 1251 1658 1659 
388 389 490 491 814 1250 1251 
389 392 488 490 
390 391 392 393 488 489 1568 1569 
391 794 795 1569 1571 
697 790 795 1570 1571 
376 377 378 379 696 697 790 791 
97 106 377 379 
94 95 96 97 106 107 718 719 
95 718 1175 1178 
1174 1175 1176 1177 1178 1179 1180 1181 
1169 1173 1176 1180 
1166 1167 1168 1169 1170 1171 1172 1173 
516 517 933 1166 1171 
174 175 517 920 921 932 933 
174 528 529 920 1360 1361 
527 528 1358 1360 
526 527 1204 1205 1358 1359 1812 1813 
1205 1207 1812 1816 
729 1206 1207 1365 1816 1817 
726 727 728 729 1364 1365 1594 1595 
358 359 727 1594 1596 
358 1596 1597 2024 2026 
2024 2025 2026 2027 2028 2029 2030 2031 
1642 1643 1644 1645 2029 2031 
1231 1630 1631 1643 1644 
1230 1231 1630 2000 2004 
2000 2001 2002 2003 2004 2005 2158 2159 
2003 2159 2169 2170 
2168 2169 2170 2171 2241 2243 
2236 2237 2238 2239 2240 2241 2242 2243 
780 782 2236 2238 
780 781 782 783 
1654 1657 
1654 1655 1656 1657 1658 1659 1660 1661 
1248 1249 1250 1251 1659 1661 
491 494 1248 1250 
488 489 490 491 492 493 494 495 
390 489 493 802 803 
390 391 794 796 803 
790 791 792 793 794 795 796 797 
101 376 791 792 
96 97 98 99 100 101 376 377 
93 94 96 98 
92 93 94 95 374 1178 1179 
374 375 928 929 1179 1181 
929 1172 1173 1180 1181 1826 1827 
1167 1172 1825 1827 
930 931 932 933 1166 1167 1824 1825 
921 931 932 1794 1795 
920 921 1361 1794 2068 2069 
1358 1359 1360 1361 2064 2068 
1359 1811 1813 2064 2065 
1810 1811 1812 1813 1814 1815 1816 1817 
1364 1365 1366 1367 1815 1817 
80 726 1364 1366 
80 81 356 359 726 727 
356 357 358 359 1227 2024 2025 
1226 1227 1228 1229 2025 2028 
1229 1232 1645 2028 2029 
1230 1231 1232 1233 1644 1645 1986 1987 
1230 1986 1990 2004 2005 
1990 1991 2005 2158 2163 
2158 2159 2160 2161 2162 2163 2170 2171 
2009 2161 2171 2240 2241 
2006 2007 2008 2009 2237 2240 
780 781 1221 2007 2236 2237 
781 1220 1221 
500 501 1656 1657 
498 501 1656 1660 
498 499 906 907 1249 1660 1661 
494 495 907 909 1248 1249 
164 165 492 495 908 909 
165 492 493 799 802 
796 797 798 799 800 801 802 803 
793 797 801 830 831 
100 101 792 793 830 1264 1265 
99 100 1260 1264 
92 93 98 99 506 1260 1261 
92 374 375 504 505 506 507 
375 504 928 1376 1377 
928 929 1377 1826 2076 2077 
1824 1825 1826 1827 2077 2079 
514 515 930 1824 2078 2079 
515 930 931 1792 1795 
1792 1793 1794 1795 2069 2071 
2064 2065 2066 2067 2068 2069 2070 2071 
925 1810 1811 2065 2067 
924 925 926 927 1810 1814 
926 1367 1370 1371 1814 1815 
80 81 1366 1367 1368 1371 
81 209 356 357 1368 1369 
10 11 208 209 357 1226 1227 
10 368 1226 1228 
368 369 1228 1229 1232 1233 1622 1623 
1233 1623 1984 1987 
1984 1985 1986 1987 1988 1989 1990 1991 
1983 1989 1991 2162 2163 
1980 1981 1982 1983 2160 2162 
1616 1980 2008 2009 2160 2161 
1225 1616 1617 2006 2008 
1220 1221 1222 1223 1224 1225 2006 2007 
1220 1222 
500 502 
498 499 500 501 502 503 826 827 
499 827 902 906 
902 903 904 905 906 907 908 909 
12 164 904 908 
12 13 116 164 165 798 799 
114 115 116 117 798 800 
114 800 801 831 1256 1257 
830 831 1257 1258 1265 
1258 1259 1260 1261 1262 1263 1264 1265 
506 507 1261 1263 2048 2049 
505 507 2049 2194 2195 
504 505 1376 2192 2194 
1376 1377 2073 2076 2192 2193 
2072 2073 2074 2075 2076 2077 2078 2079 
510 511 514 2074 2078 
511 512 514 515 1792 1793 
512 513 588 589 1793 2070 2071 
589 590 2066 2070 
590 591 592 593 924 925 2066 2067 
592 924 927 1374 1375 
926 927 1370 1375 1820 1821 
1368 1369 1370 1371 1819 1820 
208 209 1032 1033 1369 1818 1819 
11 208 1032 1470 1471 
10 11 368 369 1468 1470 
369 1468 1469 1622 1625 
1622 1623 1624 1625 1984 1985 2164 2165 
1985 1988 2164 2280 2281 
1982 1983 1988 1989 2280 2283 
1981 1982 1996 1997 2282 2283 
1616 1617 1980 1981 1995 1996 
789 1224 1225 1617 1994 1995 
786 787 788 789 1223 1224 
786 1222 1223 
400 401 502 503 
401 503 826 828 
826 827 828 829 902 903 1664 1665 
903 905 1663 1665 
12 13 824 904 905 1662 1663 
13 116 117 118 824 825 
115 117 118 119 406 407 
114 115 407 1255 1256 
1254 1255 1256 1257 1258 1259 1308 1309 
1259 1262 1309 1754 1755 
1262 1263 1754 2048 2190 2191 
2048 2049 2191 2195 2248 2249 
2192 2193 2194 2195 2249 2251 
1762 1763 2072 2073 2193 2250 2251 
1763 1765 2072 2075 
510 1764 1765 1798 1799 2074 2075 
510 511 512 513 1796 1798 
513 588 922 1796 1797 
588 589 590 591 922 923 1028 1029 
591 593 1028 1030 
592 593 1030 1031 1372 1374 
1372 1373 1374 1375 1821 1823 
1818 1819 1820 1821 1822 1823 1926 1927 
1033 1818 1927 1932 
1032 1033 1471 1473 1932 1933 
1466 1467 1468 1469 1470 1471 1472 1473 
775 1467 1469 1624 1625 
774 775 1624 2165 2166 
2164 2165 2166 2167 2281 2284 
2280 2281 2282 2283 2284 2285 2286 2287 
1997 2019 2282 2286 
1992 1993 1994 1995 1996 1997 2018 2019 
788 789 1218 1219 1992 1994 
787 788 1218 1638 1639 
786 787 1638 
400 822 823 
400 401 821 823 828 829 
820 821 829 1664 1666 
1662 1663 1664 1665 1666 1667 1668 1669 
824 825 1662 1669 1673 
118 119 122 123 825 1672 1673 
119 123 403 406 
402 403 404 405 406 407 1254 1255 
405 1254 1308 1310 
1308 1309 1310 1311 1755 1756 
1754 1755 1756 1757 2188 2190 
2188 2189 2190 2191 2244 2248 
2244 2245 2246 2247 2248 2249 2250 2251 
1762 1766 2247 2250 
1762 1763 1764 1765 1766 1767 1768 1769 
1764 1769 1799 1800 
1796 1797 1798 1799 1800 1801 1802 1803 
922 923 1797 1803 1806 
923 1029 1464 1465 1806 1807 
1028 1029 1030 1031 1462 1464 
1031 1038 1039 1372 1373 1462 1463 
1038 1040 1373 1822 1823 
1040 1041 1822 1926 1928 
1926 1927 1928 1929 1930 1931 1932 1933 
1472 1473 1474 1475 1931 1933 
594 595 1466 1472 1474 
79 594 774 775 1466 1467 
78 79 774 1998 2166 2167 
1998 1999 2167 2233 2284 2285 
2232 2233 2234 2235 2285 2287 
2018 2019 2022 2023 2235 2286 2287 
1993 2018 2021 2022 
1216 1219 1992 1993 2020 2021 
1216 1217 1218 1219 1637 1639 
1636 1637 1638 1639 
818 822 
816 817 818 819 820 821 822 823 
817 820 1252 1666 1667 
1252 1253 1667 1668 1675 
1668 1669 1670 1671 1672 1673 1674 1675 
121 122 1670 1672 
120 121 122 123 138 139 402 403 
136 139 402 404 
136 137 404 405 1310 1311 2052 2053 
1311 1756 1757 2050 2053 
1757 2050 2051 2058 2059 2188 2189 
2059 2189 2244 2245 2306 2307 
2245 2246 2304 2307 
1766 1767 2246 2247 2288 2304 2305 
1312 1313 1767 1768 2288 2289 
1313 1363 1768 1769 1800 1801 
1362 1363 1801 1802 1809 
1802 1803 1804 1805 1806 1807 1808 1809 
1461 1465 1805 1807 
1458 1459 1460 1461 1462 1463 1464 1465 
1036 1039 1459 1463 
1036 1037 1038 1039 1040 1041 1478 1479 
1041 1479 1483 1928 1929 
1045 1482 1483 1929 1930 
1034 1035 1044 1045 1475 1930 1931 
210 211 595 1034 1474 1475 
78 79 211 352 353 594 595 
78 353 1618 1998 1999 
1618 1619 1620 1621 1999 2232 2233 
1621 1641 2232 2234 
1640 1641 2023 2178 2179 2234 2235 
2020 2021 2022 2023 2177 2179 
1216 1217 1397 2020 2176 2177 
82 83 1217 1396 1397 1636 1637 
82 1636 
416 417 818 819 
417 420 816 819 
420 421 816 817 833 1252 1253 
832 833 838 839 1253 1674 1675 
835 839 1671 1674 
120 121 125 834 835 1670 1671 
120 124 125 138 454 455 
136 137 138 139 453 455 
137 452 453 2052 2056 
2050 2051 2052 2053 2054 2055 2056 2057 
2051 2055 2058 2198 2199 
2058 2059 2199 2306 2310 
2304 2305 2306 2307 2308 2309 2310 2311 
2288 2289 2290 2291 2305 2308 
1312 1317 2289 2290 
171 1312 1313 1316 1317 1362 1363 
170 171 172 1362 1808 1809 
172 173 918 919 1804 1808 
919 1025 1460 1461 1804 1805 
1024 1025 1026 1027 1458 1460 
1027 1036 1037 1456 1457 1458 1459 
1037 1457 1476 1478 
1476 1477 1478 1479 1480 1481 1482 1483 
1042 1043 1044 1045 1480 1482 
596 597 1035 1042 1044 
210 596 1034 1035 1408 1409 
210 211 352 1407 1408 
352 353 354 355 1406 1407 1618 1619 
354 776 777 1619 1620 
777 779 1620 1621 1640 1641 
778 779 1640 2174 2178 
2172 2173 2174 2175 2176 2177 2178 2179 
1396 1397 2085 2173 2176 
83 187 1396 2084 2085 
82 83 186 187 
414 416 
414 415 416 417 418 419 420 421 
413 419 421 832 833 
412 413 832 838 840 
834 835 836 837 838 839 840 841 
124 125 834 837 846 847 
124 454 842 846 
450 451 452 453 454 455 842 843 
451 452 1758 2056 2057 
1758 1759 1761 2054 2057 
1760 1761 2054 2055 2197 2198 
2196 2197 2198 2199 2301 2310 2311 
2300 2301 2302 2303 2309 2311 
2252 2253 2291 2303 2308 2309 
1314 1315 1316 1317 2252 2290 2291 
170 171 508 509 1314 1316 
170 172 173 508 912 913 
173 912 916 918 
914 915 916 917 918 919 1024 1025 
206 207 914 1024 1026 
206 1026 1027 1456 1924 1925 
1456 1457 1476 1477 1923 1925 
1477 1481 1906 1907 1922 1923 
1043 1480 1481 1904 1906 
597 1042 1043 1896 1897 1904 1905 
596 597 1409 1896 1899 
1404 1405 1406 1407 1408 1409 1898 1899 
355 1405 1406 2128 2129 
354 355 776 2127 2128 
776 777 778 779 950 951 2126 2127 
778 950 1847 2174 2175 
1846 1847 2089 2172 2175 
2084 2085 2086 2087 2088 2089 2172 2173 
186 187 188 189 2084 2086 
186 188 
128 129 414 415 
126 129 415 418 
126 127 130 131 412 413 418 419 
131 412 422 423 840 841 
423 424 836 841 
424 425 836 837 845 847 
842 843 844 845 846 847 1318 1319 
450 843 1318 1776 1777 
450 451 1758 1759 1776 1780 
1321 1759 1760 1761 1780 1781 
1320 1321 1738 1739 1760 2196 2197 
1739 1740 2196 2300 2301 
1740 1741 1773 2300 2302 
1770 1771 1772 1773 2253 2302 2303 
1294 1295 1315 1770 2252 2253 
509 1292 1294 1314 1315 
508 509 913 1292 1293 1788 1789 
912 913 916 917 1786 1788 
915 917 1786 1787 1860 1861 
207 914 915 1860 1862 
206 207 1862 1863 1921 1924 
1918 1919 1920 1921 1922 1923 1924 1925 
1907 1911 1919 1922 
1904 1905 1906 1907 1908 1909 1910 1911 
1897 1901 1905 1908 
1896 1897 1898 1899 1900 1901 1902 1903 
1404 1898 1903 2118 2119 
1404 1405 2118 2125 2129 
2124 2125 2126 2127 2128 2129 2130 2131 
951 953 2126 2130 
950 951 952 953 954 955 1846 1847 
949 954 1846 2088 2089 
946 947 948 949 2087 2088 
189 191 946 2086 2087 
188 189 190 191 
128 410 411 
126 127 128 129 411 1266 1267 
127 130 1266 1678 1679 
130 131 422 1676 1678 
422 423 424 425 1270 1271 1676 1677 
425 844 845 1270 1708 1709 
844 1319 1706 1708 
1318 1319 1706 1707 1775 1777 
1774 1775 1776 1777 1778 1779 1780 1781 
1320 1321 1322 1323 1779 1781 
1320 1323 1738 1742 
1738 1739 1740 1741 1742 1743 1744 1745 
432 433 1741 1744 1772 1773 
432 1298 1299 1771 1772 
1295 1299 1750 1751 1770 1771 
1292 1293 1294 1295 1746 1750 
1293 1746 1747 1789 1790 
1786 1787 1788 1789 1790 1791 1866 1867 
1787 1861 1867 1869 
1860 1861 1862 1863 1864 1865 1868 1869 
1422 1423 1863 1864 1920 1921 
1418 1422 1918 1920 
1418 1419 1449 1910 1911 1918 1919 
1448 1449 1454 1455 1909 1910 
1453 1455 1900 1901 1908 1909 
1450 1451 1452 1453 1900 1902 
1451 1902 1903 2119 2120 
2118 2119 2120 2121 2122 2123 2124 2125 
1852 1853 2123 2124 2131 
554 555 952 953 1853 2130 2131 
555 952 955 1378 1379 
948 949 954 955 1379 1381 
935 947 948 1380 1381 
190 191 192 193 934 935 946 947 
190 192 
408 410 
408 409 410 411 1267 1686 1687 
1266 1267 1679 1680 1687 
1676 1677 1678 1679 1680 1681 1694 1695 
1271 1677 1694 2180 2181 
1270 1271 1709 2180 2183 
1704 1705 1706 1707 1708 1709 2182 2183 
1287 1705 1707 1774 1775 
880 881 1286 1287 1774 1778 
857 881 1322 1778 1779 
856 857 1285 1322 1323 1742 1743 
1282 1283 1284 1285 1743 1745 
433 860 1282 1744 1745 
432 433 860 861 1297 1298 
1296 1297 1298 1299 1751 1753 
1746 1747 1748 1749 1750 1751 1752 1753 
1357 1747 1749 1790 1791 
1356 1357 1791 1866 1871 
1866 1867 1868 1869 1870 1871 1872 1873 
1414 1415 1865 1868 1873 
1415 1416 1423 1864 1865 
1416 1417 1418 1419 1420 1421 1422 1423 
1023 1419 1421 1448 1449 
1022 1023 1448 1454 1914 1915 
1452 1453 1454 1455 1915 1916 
1450 1452 1916 1917 2114 2115 
1450 1451 2113 2114 2120 2121 
960 961 2112 2113 2121 2122 
197 960 1852 2122 2123 
196 197 554 956 957 1852 1853 
554 555 957 1378 1832 1833 
1378 1379 1380 1381 1833 1835 
934 935 942 943 1380 1834 1835 
193 934 939 942 
192 193 938 939 
394 395 408 409 
395 409 1683 1686 
1680 1681 1682 1683 1684 1685 1686 1687 
1681 1685 1695 1696 
1694 1695 1696 1697 2181 2184 
2180 2181 2182 2183 2184 2185 2186 2187 
1289 1704 2182 2186 
1286 1287 1288 1289 1290 1291 1704 1705 
431 880 1286 1290 
430 431 436 437 856 857 880 881 
437 440 856 1284 1285 
440 441 862 1283 1284 
858 859 860 861 862 863 1282 1283 
483 858 861 1296 1297 
160 161 482 483 1296 1752 1753 
160 472 473 1748 1752 
473 890 1356 1357 1748 1749 
890 891 892 893 1356 1870 1871 
474 475 892 1870 1872 
474 1412 1414 1872 1873 
1410 1411 1412 1413 1414 1415 1416 1417 
556 557 1410 1417 1420 
556 1022 1023 1420 1421 1854 1855 
1022 1855 1913 1914 
1912 1913 1914 1915 1916 1917 2104 2105 
1917 2104 2111 2115 
2110 2111 2112 2113 2114 2115 2116 2117 
961 1850 1851 2112 2116 
196 197 960 961 1848 1850 
196 956 958 1848 1849 
956 957 958 959 1829 1832 
1828 1829 1830 1831 1832 1833 1834 1835 
941 943 1831 1834 
936 937 938 939 940 941 942 943 
936 938 
394 396 
394 395 396 397 398 399 1682 1683 
134 135 399 1682 1684 
134 1684 1685 1696 1697 1702 1703 
1697 1703 2047 2184 2185 
2044 2045 2046 2047 2185 2187 
1288 1289 2042 2045 2186 2187 
1288 1291 1689 2042 2043 
428 429 430 431 1290 1291 1688 1689 
428 430 436 438 
436 437 438 439 440 441 442 443 
441 443 862 863 1348 1349 
859 863 1349 1350 
482 483 858 859 894 895 1350 1351 
161 482 894 900 
160 161 472 476 900 901 
472 473 476 477 890 891 1016 1017 
891 893 1017 1442 1443 
475 892 893 1440 1442 
474 475 1344 1345 1412 1413 1440 1441 
1345 1347 1411 1413 
557 992 993 1346 1347 1410 1411 
556 557 992 1854 1856 
1854 1855 1856 1857 1858 1859 1912 1913 
1859 1912 2105 2109 
2104 2105 2106 2107 2108 2109 2110 2111 
2103 2106 2110 2117 
1851 2096 2097 2102 2103 2116 2117 
1848 1849 1850 1851 2095 2096 
958 959 1401 1849 2094 2095 
552 553 959 1400 1401 1828 1829 
194 195 552 1828 1830 
178 194 940 941 1830 1831 
178 179 180 181 937 940 
180 936 937 
110 396 397 
110 111 112 113 397 398 
112 132 135 398 399 
132 133 134 135 1700 1702 
1698 1699 1700 1701 1702 1703 2046 2047 
1699 2038 2044 2046 
2038 2039 2040 2041 2042 2043 2044 2045 
1688 1689 2037 2040 2043 
429 848 849 1688 2036 2037 
428 429 438 439 849 851 
435 439 442 850 851 
434 435 442 443 1348 1352 
1348 1349 1350 1351 1352 1353 1354 1355 
895 897 1351 1354 
894 895 896 897 898 899 900 901 
476 477 478 479 899 901 
477 478 1016 1018 
1016 1017 1018 1019 1443 1880 1881 
1440 1441 1442 1443 1879 1881 
1342 1344 1441 1878 1879 
1340 1341 1342 1343 1344 1345 1346 1347 
993 994 1341 1346 
992 993 994 995 998 999 1856 1857 
999 1003 1857 1858 
1002 1003 1402 1858 1859 2108 2109 
1402 1403 2098 2107 2108 
2098 2099 2100 2101 2102 2103 2106 2107 
2092 2097 2100 2102 
2090 2091 2092 2093 2094 2095 2096 2097 
1398 1399 1400 1401 2091 2094 
551 553 1398 1400 
195 540 541 550 551 552 553 
178 179 194 195 539 540 
177 179 181 538 539 
176 177 180 181 
110 111 154 155 
111 113 154 157 
112 113 132 133 142 143 156 157 
133 142 1269 1700 1701 
1268 1269 1691 1698 1701 
1690 1691 1692 1693 1698 1699 2038 2039 
1693 2033 2039 2041 
2032 2033 2034 2035 2036 2037 2040 2041 
848 1278 1279 2035 2036 
848 849 850 851 1277 1278 
434 435 850 852 853 1276 1277 
434 852 1352 1353 1720 1721 
1353 1355 1719 1721 
480 481 896 897 1354 1355 1718 1719 
235 480 896 898 
162 163 234 235 479 898 899 
163 478 479 586 1018 1019 
586 587 1019 1877 1880 
1874 1875 1876 1877 1878 1879 1880 1881 
1010 1011 1342 1343 1875 1878 
1009 1011 1340 1343 
994 995 996 997 1008 1009 1340 1341 
995 997 998 1005 
998 999 1000 1001 1002 1003 1004 1005 
198 1000 1002 1402 1403 
198 199 1403 2080 2081 2098 2099 
2081 2099 2101 2208 2209 
2092 2093 2100 2101 2207 2209 
184 185 2090 2093 2206 2207 
185 548 1399 2090 2091 
546 547 548 549 550 551 1398 1399 
541 542 546 550 
536 537 538 539 540 541 542 543 
176 177 535 536 538 
176 534 535 
155 159 
152 153 154 155 156 157 158 159 
143 148 153 156 
142 143 148 149 444 445 1268 1269 
445 448 449 1268 1690 1691 
448 878 879 1690 1692 
876 879 1692 1693 2032 2033 
874 875 876 877 2032 2034 
874 1272 1279 2034 2035 
1272 1273 1274 1275 1276 1277 1278 1279 
853 1274 1276 1710 1711 
852 853 1710 1717 1720 
1716 1717 1718 1719 1720 1721 1722 1723 
236 237 481 1718 1722 
234 235 237 480 481 1020 1021 
162 234 1020 1884 1885 
162 163 586 587 1884 1887 
204 587 1876 1877 1886 1887 
204 205 1006 1007 1874 1876 
1007 1010 1012 1874 1875 
1008 1009 1010 1011 1012 1013 1432 1433 
996 1008 1432 1435 
202 203 996 997 1004 1005 1434 1435 
201 202 1001 1004 
198 199 200 201 582 583 1000 1001 
199 582 2080 2082 
2080 2081 2082 2083 2208 2276 2277 
2206 2207 2208 2209 2277 2279 
184 1382 2206 2278 2279 
184 185 548 549 1382 1383 1390 1391 
547 549 1389 1390 
542 543 544 545 546 547 1388 1389 
531 537 543 544 
530 531 532 533 534 535 536 537 
533 534 
146 147 158 159 
147 150 152 158 
148 149 150 151 152 153 218 219 
149 218 444 868 869 
444 445 449 869 871 
448 449 870 871 878 1304 1305 
876 877 878 879 1305 1307 
873 875 877 1306 1307 
872 873 874 875 1272 1273 1732 1733 
1273 1275 1733 1736 
1274 1275 1711 1713 1736 1737 
1710 1711 1712 1713 1714 1715 1716 1717 
1280 1281 1715 1716 1723 
236 1052 1053 1281 1722 1723 
236 237 1021 1052 1894 1895 
1020 1021 1885 1893 1894 
1884 1885 1886 1887 1888 1889 1892 1893 
204 205 1882 1886 1888 
205 1006 1428 1429 1882 1883 
1006 1007 1012 1013 1428 1430 
1013 1430 1431 1433 1436 
1432 1433 1434 1435 1436 1437 1438 1439 
203 274 1434 1438 
200 201 202 203 274 275 1542 1543 
200 583 1540 1542 
582 583 1540 1541 1837 2082 2083 
1836 1837 2083 2273 2276 
2272 2273 2274 2275 2276 2277 2278 2279 
1382 1383 1838 1839 2275 2278 
1383 1391 1838 1841 
1386 1387 1388 1389 1390 1391 1840 1841 
545 988 1386 1388 
530 531 544 545 581 988 989 
183 530 532 580 581 
182 183 532 533 
145 146 
144 145 146 147 150 151 220 221 
151 219 220 224 
218 219 224 225 866 868 
864 865 866 867 868 869 870 871 
865 870 1301 1304 
1300 1301 1302 1303 1304 1305 1306 1307 
427 872 873 1303 1306 
426 427 872 1732 1734 
1730 1731 1732 1733 1734 1735 1736 1737 
1712 1713 1729 1730 1737 
1055 1712 1714 1728 1729 
647 1054 1055 1280 1714 1715 
646 647 1053 1280 1281 1494 1495 
1052 1053 1495 1890 1895 
1890 1891 1892 1893 1894 1895 2134 2135 
1889 1892 2135 2214 2215 
1882 1883 1888 1889 2211 2214 
1427 1429 1883 2210 2211 
1424 1425 1426 1427 1428 1429 1430 1431 
1061 1425 1431 1436 1437 
1014 1015 1060 1061 1437 1439 
274 275 666 667 1014 1438 1439 
275 666 1543 1544 
1540 1541 1542 1543 1544 1545 1546 1547 
1541 1547 1549 1836 1837 
990 991 1548 1549 1836 2272 2273 
990 1384 2272 2274 
1384 1385 1839 1842 2274 2275 
1838 1839 1840 1841 1842 1843 1844 1845 
985 1387 1840 1844 
984 985 986 987 988 989 1386 1387 
580 581 978 979 987 989 
182 183 580 978 982 
182 982 983 
140 141 144 145 
141 144 221 222 
220 221 222 223 224 225 226 227 
225 227 640 641 866 867 
637 641 864 867 
446 447 636 637 864 865 1300 1301 
245 446 1300 1302 
244 245 248 249 426 427 1302 1303 
249 426 855 1734 1735 
854 855 1727 1731 1735 
1724 1725 1726 1727 1728 1729 1730 1731 
1054 1055 1501 1724 1728 
644 645 646 647 1054 1500 1501 
644 646 1492 1494 
1490 1491 1492 1493 1494 1495 1890 1891 
1491 1891 2133 2134 
2132 2133 2134 2135 2215 2217 
2210 2211 2212 2213 2214 2215 2216 2217 
585 1426 1427 2210 2212 
584 585 1062 1424 1426 
1060 1061 1062 1063 1064 1065 1424 1425 
1015 1060 1064 1954 1955 
667 1014 1015 1954 1958 
666 667 1536 1544 1545 1958 1959 
1536 1537 1545 1546 1552 
1546 1547 1548 1549 1550 1551 1552 1553 
991 1520 1521 1548 1550 
990 991 1384 1385 1520 1523 
1385 1393 1522 1523 1842 1843 
1392 1393 1394 1395 1843 1845 
944 945 984 985 1394 1844 1845 
568 945 984 986 
568 569 976 979 986 987 
976 977 978 979 980 981 982 983 
981 983 
140 462 463 
140 141 222 223 463 888 889 
223 226 884 888 
226 227 640 643 884 885 
636 637 638 639 640 641 642 643 
239 447 636 639 
238 239 242 243 244 245 446 447 
243 244 246 248 
246 247 248 249 260 261 854 855 
258 261 854 1726 1727 
258 259 1496 1725 1726 
1496 1497 1498 1499 1500 1501 1724 1725 
645 1049 1498 1500 
644 645 651 1048 1049 1492 1493 
648 649 650 651 1490 1493 
649 1445 1490 1491 2132 2133 
1444 1445 1446 1447 2132 2216 2217 
1070 1071 1446 2213 2216 
584 585 1070 1072 2212 2213 
584 663 1062 1063 1072 1073 
662 663 1063 1065 1076 1077 
1064 1065 1077 1952 1955 
1952 1953 1954 1955 1956 1957 1958 1959 
1536 1537 1538 1539 1957 1959 
1531 1537 1538 1552 1553 
1088 1089 1530 1531 1551 1553 
1088 1518 1521 1550 1551 
1518 1519 1520 1521 1522 1523 1524 1525 
1392 1393 1522 1525 1526 1527 
1392 1395 1526 2136 2137 
944 1394 1395 2136 2222 2223 
568 569 944 945 2220 2222 
569 971 976 977 2220 2221 
970 971 975 977 980 
974 975 980 981 
460 462 
460 461 462 463 887 889 
882 883 884 885 886 887 888 889 
470 471 642 643 882 885 
467 470 638 642 
232 233 238 239 466 467 638 639 
233 238 240 242 
240 241 242 243 246 247 250 251 
247 250 260 263 
258 259 260 261 262 263 600 601 
259 601 602 1496 1497 
602 603 1051 1497 1499 
1048 1049 1050 1051 1486 1487 1498 1499 
650 651 1048 1486 1488 
648 650 1047 1488 1489 
648 649 652 653 1046 1047 1444 1445 
652 1444 1447 1944 1945 
1071 1446 1447 1945 1948 
1070 1071 1072 1073 1517 1948 1949 
662 663 1068 1073 1516 1517 
662 1068 1069 1076 1081 
1076 1077 1078 1079 1080 1081 1952 1953 
1079 1082 1953 1956 
1082 1083 1535 1539 1956 1957 
1530 1531 1532 1533 1534 1535 1538 1539 
1087 1089 1530 1532 
1084 1085 1086 1087 1088 1089 1518 1519 
673 1084 1519 1524 
672 673 1524 1525 1527 1528 
1526 1527 1528 1529 2137 2230 2231 
2136 2137 2223 2224 2231 
2218 2219 2220 2221 2222 2223 2224 2225 
970 971 972 973 2218 2221 
570 571 970 972 974 975 
570 974 
458 459 460 461 
456 459 461 886 887 
456 457 464 465 883 886 
465 468 471 882 883 
466 467 468 469 470 471 624 625 
232 466 622 625 
230 231 232 233 240 241 622 623 
230 241 251 252 
250 251 252 253 256 257 262 263 
257 262 598 600 
598 599 600 601 602 603 610 611 
603 610 615 1050 1051 
614 615 1050 1487 1940 1941 
1486 1487 1488 1489 1939 1941 
1046 1047 1484 1489 1938 1939 
653 1046 1484 1485 1510 1511 
652 653 1510 1942 1944 
1942 1943 1944 1945 1946 1947 1948 1949 
1514 1515 1516 1517 1947 1949 
1066 1067 1068 1069 1515 1516 
665 1067 1069 1080 1081 
664 665 668 669 1078 1080 
669 1078 1079 1082 1083 1102 1103 
1083 1103 1104 1534 1535 
1104 1105 1533 1534 1554 1555 
1086 1087 1532 1533 1554 1556 
1085 1086 1112 1113 1556 1557 
672 673 1084 1085 1112 1115 
672 1075 1114 1115 1528 1529 
1074 1075 1529 2227 2230 
2224 2225 2226 2227 2228 2229 2230 2231 
1950 1951 2219 2225 2229 
578 579 973 1951 2218 2219 
571 576 579 972 973 
570 571 576 577 
458 1324 1325 
456 457 458 459 1325 1328 
457 464 1328 1329 1336 1337 
464 465 468 469 1332 1336 
469 624 627 1332 1333 
622 623 624 625 626 627 630 631 
231 623 628 631 
228 229 230 231 252 253 628 629 
229 253 254 256 
254 255 256 257 598 599 604 605 
599 604 611 613 
610 611 612 613 614 615 616 617 
614 616 1937 1940 
1934 1935 1936 1937 1938 1939 1940 1941 
1484 1485 1502 1503 1935 1938 
1485 1502 1509 1511 
1508 1509 1510 1511 1512 1513 1942 1943 
1058 1059 1513 1943 1946 
266 267 1058 1514 1946 1947 
266 658 659 1066 1514 1515 
654 659 664 665 1066 1067 
654 655 664 668 1094 1095 
668 669 1095 1100 1102 
1100 1101 1102 1103 1104 1105 1106 1107 
1105 1107 1555 1558 
1554 1555 1556 1557 1558 1559 1560 1561 
1109 1113 1557 1560 
1108 1109 1110 1111 1112 1113 1114 1115 
563 1074 1075 1111 1114 
562 563 566 567 1074 2226 2227 
566 968 969 2226 2228 
965 968 1950 2228 2229 
575 578 964 965 1950 1951 
572 573 574 575 576 577 578 579 
573 577 
1324 1326 
1324 1325 1326 1327 1328 1329 1330 1331 
1329 1331 1337 1339 
1332 1333 1334 1335 1336 1337 1338 1339 
213 626 627 1333 1335 
212 213 626 630 635 
628 629 630 631 632 633 634 635 
217 228 629 632 
214 215 216 217 228 229 254 255 
215 255 605 606 
604 605 606 607 608 609 612 613 
609 612 617 620 
616 617 618 619 620 621 1936 1937 
14 619 1934 1936 
14 15 1503 1505 1934 1935 
1502 1503 1504 1505 1506 1507 1508 1509 
1056 1057 1507 1508 1512 
264 265 1056 1059 1512 1513 
265 267 269 1058 1059 
266 267 268 269 658 661 
654 655 656 657 658 659 660 661 
655 657 1093 1094 
1090 1091 1092 1093 1094 1095 1100 1101 
670 1090 1101 1106 
670 671 1099 1106 1107 1558 1559 
1096 1097 1098 1099 1559 1561 
16 1097 1108 1109 1560 1561 
16 17 270 1108 1110 
270 271 272 273 562 563 1110 1111 
273 562 565 567 
564 565 566 567 967 969 
962 963 964 965 966 967 968 969 
560 561 574 575 963 964 
559 561 572 574 
558 559 572 573 
1326 1327 
1327 1330 
1330 1331 1338 1339 
1334 1338 
212 213 1334 1335 
212 634 635 
633 634 
216 217 632 633 
214 216 
214 215 606 607 
607 608 
608 609 620 621 
618 621 
14 15 618 619 
15 1504 1505 
1504 1506 
1057 1506 1507 
264 1056 1057 
264 265 268 269 
268 660 661 
656 660 
656 657 1092 1093 
1091 1092 
670 671 1090 1091 
671 1098 1099 
1096 1098 
16 17 1096 1097 
17 270 271 
271 272 
272 273 564 565 
564 966 967 
962 966 
560 962 963 
558 559 560 561 
558 
